OFF
16	18	0
-0.5	-1.2071067811865475	-0.43014778493148575
-0.5	1.2071067811865475	-0.43014778493148575
0.	-1.3065629648763766	0.43014778493148575
0.	1.3065629648763766	0.43014778493148575
0.5	-1.2071067811865475	-0.43014778493148575
0.5	1.2071067811865475	-0.43014778493148575
-1.2071067811865475	-0.5	-0.43014778493148575
-1.2071067811865475	0.5	-0.43014778493148575
1.2071067811865475	-0.5	-0.43014778493148575
1.2071067811865475	0.5	-0.43014778493148575
-1.3065629648763766	0.	0.43014778493148575
1.3065629648763766	0.	0.43014778493148575
-0.9238795325112867	-0.9238795325112867	0.43014778493148575
-0.9238795325112867	0.9238795325112867	0.43014778493148575
0.9238795325112867	-0.9238795325112867	0.43014778493148575
0.9238795325112867	0.9238795325112867	0.43014778493148575
8	8	4	0	6	7	1	5	9
8	11	15	3	13	10	12	2	14
3	9	15	11
3	5	3	15
3	1	13	3
3	7	10	13
3	6	12	10
3	0	2	12
3	4	14	2
3	8	11	14
3	9	5	15
3	5	1	3
3	1	7	13
3	7	6	10
3	6	0	12
3	0	4	2
3	4	8	14
3	8	9	11