OFF
14	16	0
-1.0382606982861684	-0.5	0.42923659824727733
-1.0382606982861684	0.5	0.42923659824727733
1.0382606982861684	-0.5	-0.42923659824727733
1.0382606982861684	0.5	-0.42923659824727733
-1.1523824354812433	0.	-0.42923659824727733
1.1523824354812433	0.	0.42923659824727733
-0.2564292158181385	-1.1234898018587336	0.42923659824727733
-0.2564292158181385	1.1234898018587336	0.42923659824727733
0.2564292158181385	-1.1234898018587336	-0.42923659824727733
0.2564292158181385	1.1234898018587336	-0.42923659824727733
-0.7184986963636851	-0.9009688679024191	-0.42923659824727733
-0.7184986963636851	0.9009688679024191	-0.42923659824727733
0.7184986963636851	-0.9009688679024191	0.42923659824727733
0.7184986963636851	0.9009688679024191	0.42923659824727733
7	2	8	10	4	11	9	3
7	5	13	7	1	0	6	12
3	3	13	5
3	9	7	13
3	11	1	7
3	4	0	1
3	10	6	0
3	8	12	6
3	2	5	12
3	3	9	13
3	9	11	7
3	11	4	1
3	4	10	0
3	10	8	6
3	8	2	12
3	2	3	5