OFF
20	22	0
0.	-1.618033988749895	-0.43119850192972925
0.	1.618033988749895	-0.43119850192972925
-1.618033988749895	0.	0.43119850192972925
1.618033988749895	0.	0.43119850192972925
-1.3090169943749475	-0.9510565162951535	0.43119850192972925
-1.3090169943749475	0.9510565162951535	0.43119850192972925
-0.5	-1.5388417685876268	0.43119850192972925
-0.5	1.5388417685876268	0.43119850192972925
-0.9510565162951535	-1.3090169943749475	-0.43119850192972925
-0.9510565162951535	1.3090169943749475	-0.43119850192972925
0.9510565162951535	-1.3090169943749475	-0.43119850192972925
0.9510565162951535	1.3090169943749475	-0.43119850192972925
-1.5388417685876268	-0.5	-0.43119850192972925
-1.5388417685876268	0.5	-0.43119850192972925
1.5388417685876268	-0.5	-0.43119850192972925
1.5388417685876268	0.5	-0.43119850192972925
0.5	-1.5388417685876268	0.43119850192972925
0.5	1.5388417685876268	0.43119850192972925
1.3090169943749475	-0.9510565162951535	0.43119850192972925
1.3090169943749475	0.9510565162951535	0.43119850192972925
10	14	10	0	8	12	13	9	1	11	15
10	3	19	17	7	5	2	4	6	16	18
3	15	19	3
3	11	17	19
3	1	7	17
3	9	5	7
3	13	2	5
3	12	4	2
3	8	6	4
3	0	16	6
3	10	18	16
3	14	3	18
3	15	11	19
3	11	1	17
3	1	9	7
3	9	13	5
3	13	12	2
3	12	8	4
3	8	0	6
3	0	10	16
3	10	14	18
3	14	15	3