OFF
12	14	0
-1.	0.	0.42779983858367615
-0.5	-0.8660254037844386	0.42779983858367615
-0.5	0.8660254037844386	0.42779983858367615
0.	-1.	-0.42779983858367615
0.	1.	-0.42779983858367615
0.5	-0.8660254037844386	0.42779983858367615
0.5	0.8660254037844386	0.42779983858367615
1.	0.	0.42779983858367615
-0.8660254037844386	-0.5	-0.42779983858367615
-0.8660254037844386	0.5	-0.42779983858367615
0.8660254037844386	-0.5	-0.42779983858367615
0.8660254037844386	0.5	-0.42779983858367615
6	10	3	8	9	4	11
6	7	6	2	0	1	5
3	11	6	7
3	4	2	6
3	9	0	2
3	8	1	0
3	3	5	1
3	10	7	5
3	11	4	6
3	4	9	2
3	9	8	0
3	8	3	1
3	3	10	5
3	10	11	7