OFF
18	20	0
-1.3737387097273113	-0.5	0.4307630436123087
-1.3737387097273113	0.5	0.4307630436123087
1.3737387097273113	-0.5	-0.4307630436123087
1.3737387097273113	0.5	-0.4307630436123087
-1.4619022000815438	0.	-0.4307630436123087
-0.7309511000407719	-1.2660444431189781	0.4307630436123087
-0.7309511000407719	1.2660444431189781	0.4307630436123087
0.7309511000407719	-1.2660444431189781	-0.4307630436123087
0.7309511000407719	1.2660444431189781	-0.4307630436123087
1.4619022000815438	0.	0.4307630436123087
-1.119882056755875	-0.9396926207859084	-0.4307630436123087
-1.119882056755875	0.9396926207859084	-0.4307630436123087
1.119882056755875	-0.9396926207859084	0.4307630436123087
1.119882056755875	0.9396926207859084	0.4307630436123087
-0.2538566529714362	-1.4396926207859084	-0.4307630436123087
-0.2538566529714362	1.4396926207859084	-0.4307630436123087
0.2538566529714362	-1.4396926207859084	0.4307630436123087
0.2538566529714362	1.4396926207859084	0.4307630436123087
9	2	7	14	10	4	11	15	8	3
9	9	13	17	6	1	0	5	16	12
3	3	13	9
3	8	17	13
3	15	6	17
3	11	1	6
3	4	0	1
3	10	5	0
3	14	16	5
3	7	12	16
3	2	9	12
3	3	8	13
3	8	15	17
3	15	11	6
3	11	4	1
3	4	10	0
3	10	14	5
3	14	7	16
3	7	2	12
3	2	3	9