OFF
10	12	0
-0.8506508083520399	0.	-0.42532540417601994
0.8506508083520399	0.	0.42532540417601994
-0.6881909602355868	-0.5	0.42532540417601994
-0.6881909602355868	0.5	0.42532540417601994
-0.2628655560595668	-0.8090169943749475	-0.42532540417601994
-0.2628655560595668	0.8090169943749475	-0.42532540417601994
0.2628655560595668	-0.8090169943749475	0.42532540417601994
0.2628655560595668	0.8090169943749475	0.42532540417601994
0.6881909602355868	-0.5	-0.42532540417601994
0.6881909602355868	0.5	-0.42532540417601994
5	8	4	0	5	9
5	1	7	3	2	6
3	9	7	1
3	5	3	7
3	0	2	3
3	4	6	2
3	8	1	6
3	9	5	7
3	5	0	3
3	0	4	2
3	4	8	6
3	8	9	1