OFF
10	10	0
0.	0.	-1.5722578950038968
-0.5773502691896258	0.	-0.7557613140761706
-0.2886751345948129	-0.5	0.7557613140761706
-0.2886751345948129	0.5	0.7557613140761706
0.2886751345948129	-0.5	-0.7557613140761706
0.2886751345948129	0.5	-0.7557613140761706
0.5773502691896258	0.	0.7557613140761706
-0.9341723589627157	0.	0.17841104488654494
0.46708617948135783	-0.8090169943749475	0.17841104488654494
0.46708617948135783	0.8090169943749475	0.17841104488654494
3	7	2	3
3	3	2	6
3	3	6	9
3	2	8	6
5	2	7	1	4	8
5	5	1	7	3	9
5	9	6	8	4	5
3	0	1	5
3	0	5	4
3	0	4	1