OFF
28	22	0
-0.5	1.2071067811865475	-1.2071067811865475
-0.5	1.2071067811865475	1.2071067811865475
-0.5	-1.2071067811865475	-1.2071067811865475
-0.5	-1.2071067811865475	1.2071067811865475
0.	-0.7071067811865475	1.9142135623730951
0.	0.7071067811865475	1.9142135623730951
0.5	1.2071067811865475	-1.2071067811865475
0.5	1.2071067811865475	1.2071067811865475
0.5	-1.2071067811865475	-1.2071067811865475
0.5	-1.2071067811865475	1.2071067811865475
-0.7071067811865475	0.	1.9142135623730951
0.7071067811865475	0.	1.9142135623730951
1.2071067811865475	-0.5	-1.2071067811865475
1.2071067811865475	-0.5	1.2071067811865475
1.2071067811865475	0.5	-1.2071067811865475
1.2071067811865475	0.5	1.2071067811865475
1.2071067811865475	1.2071067811865475	-0.5
1.2071067811865475	1.2071067811865475	0.5
1.2071067811865475	-1.2071067811865475	-0.5
1.2071067811865475	-1.2071067811865475	0.5
-1.2071067811865475	-0.5	-1.2071067811865475
-1.2071067811865475	-0.5	1.2071067811865475
-1.2071067811865475	0.5	-1.2071067811865475
-1.2071067811865475	0.5	1.2071067811865475
-1.2071067811865475	1.2071067811865475	-0.5
-1.2071067811865475	1.2071067811865475	0.5
-1.2071067811865475	-1.2071067811865475	-0.5
-1.2071067811865475	-1.2071067811865475	0.5
8	6	14	12	8	2	20	22	0
8	8	18	19	9	3	27	26	2
8	0	24	25	1	7	17	16	6
8	14	16	17	15	13	19	18	12
8	20	26	27	21	23	25	24	22
3	8	12	18
3	16	14	6
3	26	20	2
3	0	22	24
3	19	13	9
3	7	15	17
3	3	21	27
3	25	23	1
4	5	10	4	11
4	10	5	1	23
4	4	10	21	3
4	11	4	9	13
4	5	11	15	7
3	7	1	5
3	23	21	10
3	3	9	4
3	13	15	11