OFF
11	17	0
-0.8097582135547496	-0.7471091304426166	0.4030724692749733
-0.7418882135547495	0.04837086955738355	-0.19908753072502666
-0.5055982135547497	0.13245086955738328	0.7689524692749736
-0.22206821355474957	0.8401008695573836	0.12177246927497347
-0.20559821355474958	0.5901008695573832	-0.8463275307250266
-0.09214821355474942	-0.7060591304426166	-0.29216753072502677
0.14414178644525047	-0.6219891304426165	0.6758724692749736
0.44414178644525054	-0.1643391304426164	-0.9394075307250263
0.46624178644525055	0.3236608695573836	0.6312024692749736
0.6421457864452503	0.5920108695573832	-0.31592753072502655
0.8037757864452504	-0.35104913044261654	-0.02517753072502644
3	5	0	1
4	5	1	4	7
3	9	3	8
3	8	6	10
3	8	3	2
3	8	2	6
3	6	5	10
3	10	5	7
3	3	1	2
3	1	3	4
3	7	9	10
3	7	4	9
3	9	4	3
3	10	9	8
3	6	0	5
3	6	2	0
3	0	2	1