OFF
32	30	0
-0.5	1.2071067811865475	1.2071067811865475
-0.5	1.2071067811865475	-1.2071067811865475
-0.5	-1.2071067811865475	1.2071067811865475
-0.5	-1.2071067811865475	-1.2071067811865475
0.	-0.7071067811865475	1.9142135623730951
0.	-0.7071067811865475	-1.9142135623730951
0.	0.7071067811865475	1.9142135623730951
0.	0.7071067811865475	-1.9142135623730951
0.5	1.2071067811865475	1.2071067811865475
0.5	1.2071067811865475	-1.2071067811865475
0.5	-1.2071067811865475	1.2071067811865475
0.5	-1.2071067811865475	-1.2071067811865475
-0.7071067811865475	0.	1.9142135623730951
-0.7071067811865475	0.	-1.9142135623730951
0.7071067811865475	0.	1.9142135623730951
0.7071067811865475	0.	-1.9142135623730951
1.2071067811865475	-0.5	1.2071067811865475
1.2071067811865475	-0.5	-1.2071067811865475
1.2071067811865475	0.5	1.2071067811865475
1.2071067811865475	0.5	-1.2071067811865475
1.2071067811865475	1.2071067811865475	-0.5
1.2071067811865475	1.2071067811865475	0.5
1.2071067811865475	-1.2071067811865475	-0.5
1.2071067811865475	-1.2071067811865475	0.5
-1.2071067811865475	-0.5	1.2071067811865475
-1.2071067811865475	-0.5	-1.2071067811865475
-1.2071067811865475	0.5	1.2071067811865475
-1.2071067811865475	0.5	-1.2071067811865475
-1.2071067811865475	1.2071067811865475	-0.5
-1.2071067811865475	1.2071067811865475	0.5
-1.2071067811865475	-1.2071067811865475	-0.5
-1.2071067811865475	-1.2071067811865475	0.5
8	2	31	30	3	11	22	23	10
8	8	21	20	9	1	28	29	0
8	16	23	22	17	19	20	21	18
8	26	29	28	27	25	30	31	24
3	23	16	10
3	8	18	21
3	2	24	31
3	29	26	0
3	11	17	22
3	20	19	9
3	30	25	3
3	1	27	28
4	15	5	13	7
4	27	1	7	13
4	3	25	13	5
4	17	11	5	15
4	9	19	15	7
3	7	1	9
3	13	25	27
3	5	11	3
3	15	19	17
4	6	12	4	14
4	12	6	0	26
4	4	12	24	2
4	14	4	10	16
4	6	14	18	8
3	8	0	6
3	26	24	12
3	2	10	4
3	16	18	14