OFF
12	13	0
0.8506508083520399	0.	-0.5
0.8506508083520399	0.	0.5
0.2628655560595668	-0.8090169943749475	-0.5
0.2628655560595668	-0.8090169943749475	0.5
0.2628655560595668	0.8090169943749475	-0.5
0.2628655560595668	0.8090169943749475	0.5
-0.6881909602355868	-0.5	-0.5
-0.6881909602355868	-0.5	0.5
-0.6881909602355868	0.5	-0.5
-0.6881909602355868	0.5	0.5
-1.3952977414221344	0.	0.
1.1288195850234877	0.8201354349649271	0.
5	2	6	8	4	0
5	1	5	9	7	3
4	4	8	9	5
4	6	2	3	7
4	2	0	1	3
3	11	0	4
3	11	4	5
3	11	5	1
3	11	1	0
3	10	8	6
3	10	6	7
3	10	7	9
3	10	9	8