OFF
26	24	0
-1.1944775825843852	-1.1944775825843852	0.
-1.1944775825843852	0.	-1.1944775825843852
-1.1944775825843852	0.	1.1944775825843852
-1.1944775825843852	1.1944775825843852	0.
0.	-1.1944775825843852	-1.1944775825843852
0.	-1.1944775825843852	1.1944775825843852
0.	0.	-1.6892463972414664
0.	0.	1.6892463972414664
0.	1.1944775825843852	-1.1944775825843852
0.	1.1944775825843852	1.1944775825843852
0.	-1.6892463972414664	0.
0.	1.6892463972414664	0.
1.1944775825843852	-1.1944775825843852	0.
1.1944775825843852	0.	-1.1944775825843852
1.1944775825843852	0.	1.1944775825843852
1.1944775825843852	1.1944775825843852	0.
-1.6892463972414664	0.	0.
1.6892463972414664	0.	0.
0.9238795325112867	0.9238795325112867	0.9238795325112867
0.9238795325112867	0.9238795325112867	-0.9238795325112867
0.9238795325112867	-0.9238795325112867	0.9238795325112867
0.9238795325112867	-0.9238795325112867	-0.9238795325112867
-0.9238795325112867	0.9238795325112867	0.9238795325112867
-0.9238795325112867	0.9238795325112867	-0.9238795325112867
-0.9238795325112867	-0.9238795325112867	0.9238795325112867
-0.9238795325112867	-0.9238795325112867	-0.9238795325112867
4	25	1	6	4
4	5	7	2	24
4	1	23	8	6
4	7	9	22	2
4	0	25	4	10
4	10	5	24	0
4	23	3	11	8
4	9	11	3	22
4	21	4	6	13
4	14	7	5	20
4	6	8	19	13
4	14	18	9	7
4	10	4	21	12
4	12	20	5	10
4	19	8	11	15
4	15	11	9	18
4	0	16	1	25
4	24	2	16	0
4	1	16	3	23
4	22	3	16	2
4	12	21	13	17
4	17	14	20	12
4	13	19	15	17
4	17	15	18	14