OFF
62	60	0
0.	0.	-2.777751854490368
0.	0.	2.777751854490368
0.	-2.777751854490368	0.
0.	2.777751854490368	0.
0.	-2.424082922456278	-1.4981656376261552
0.	-2.424082922456278	1.4981656376261552
0.	-0.9732489894677301	-2.547998933943006
0.	-0.9732489894677301	2.547998933943006
0.	0.9732489894677301	-2.547998933943006
0.	0.9732489894677301	2.547998933943006
0.	2.424082922456278	-1.4981656376261552
0.	2.424082922456278	1.4981656376261552
-2.777751854490368	0.	0.
-1.3888759272451836	-2.247248456439233	0.8583725291940496
-1.3888759272451836	-2.247248456439233	-0.8583725291940496
-1.3888759272451836	2.247248456439233	0.8583725291940496
-1.3888759272451836	2.247248456439233	-0.8583725291940496
1.3888759272451836	-2.247248456439233	0.8583725291940496
1.3888759272451836	-2.247248456439233	-0.8583725291940496
1.3888759272451836	2.247248456439233	0.8583725291940496
1.3888759272451836	2.247248456439233	-0.8583725291940496
2.777751854490368	0.	0.
-2.547998933943006	0.	-0.9732489894677301
-2.547998933943006	0.	0.9732489894677301
-1.5747499444752757	-1.5747499444752757	-1.5747499444752757
-1.5747499444752757	-1.5747499444752757	1.5747499444752757
-1.5747499444752757	1.5747499444752757	-1.5747499444752757
-1.5747499444752757	1.5747499444752757	1.5747499444752757
-2.424082922456278	-1.4981656376261552	0.
-2.424082922456278	1.4981656376261552	0.
-0.9732489894677301	-2.547998933943006	0.
-0.9732489894677301	2.547998933943006	0.
-1.4981656376261552	0.	-2.424082922456278
-1.4981656376261552	0.	2.424082922456278
-2.247248456439233	0.8583725291940496	-1.3888759272451836
-2.247248456439233	0.8583725291940496	1.3888759272451836
-2.247248456439233	-0.8583725291940496	-1.3888759272451836
-2.247248456439233	-0.8583725291940496	1.3888759272451836
0.8583725291940496	-1.3888759272451836	-2.247248456439233
0.8583725291940496	-1.3888759272451836	2.247248456439233
0.8583725291940496	1.3888759272451836	-2.247248456439233
0.8583725291940496	1.3888759272451836	2.247248456439233
-0.8583725291940496	-1.3888759272451836	-2.247248456439233
-0.8583725291940496	-1.3888759272451836	2.247248456439233
-0.8583725291940496	1.3888759272451836	-2.247248456439233
-0.8583725291940496	1.3888759272451836	2.247248456439233
1.4981656376261552	0.	-2.424082922456278
1.4981656376261552	0.	2.424082922456278
2.247248456439233	0.8583725291940496	-1.3888759272451836
2.247248456439233	0.8583725291940496	1.3888759272451836
2.247248456439233	-0.8583725291940496	-1.3888759272451836
2.247248456439233	-0.8583725291940496	1.3888759272451836
0.9732489894677301	-2.547998933943006	0.
0.9732489894677301	2.547998933943006	0.
2.424082922456278	-1.4981656376261552	0.
2.424082922456278	1.4981656376261552	0.
1.5747499444752757	-1.5747499444752757	-1.5747499444752757
1.5747499444752757	-1.5747499444752757	1.5747499444752757
1.5747499444752757	1.5747499444752757	-1.5747499444752757
1.5747499444752757	1.5747499444752757	1.5747499444752757
2.547998933943006	0.	-0.9732489894677301
2.547998933943006	0.	0.9732489894677301
4	42	32	0	6
4	7	1	33	43
4	32	44	8	0
4	1	9	45	33
4	30	14	4	2
4	2	5	13	30
4	16	31	3	10
4	11	3	31	15
4	38	4	42	6
4	39	7	43	5
4	8	44	10	40
4	11	45	9	41
4	38	6	0	46
4	47	1	7	39
4	0	8	40	46
4	47	41	9	1
4	52	2	4	18
4	17	5	2	52
4	10	3	53	20
4	19	53	3	11
4	32	36	22	34
4	23	37	33	35
4	14	24	42	4
4	5	43	25	13
4	44	26	16	10
4	11	15	27	45
4	28	36	24	14
4	13	25	37	28
4	26	34	29	16
4	15	29	35	27
4	28	12	22	36
4	37	23	12	28
4	22	12	29	34
4	35	29	12	23
4	14	30	13	28
4	24	36	32	42
4	43	33	37	25
4	32	34	26	44
4	45	27	35	33
4	16	29	15	31
4	18	4	38	56
4	57	39	5	17
4	40	10	20	58
4	59	19	11	41
4	18	56	50	54
4	54	51	57	17
4	48	58	20	55
4	55	19	59	49
4	54	50	60	21
4	21	61	51	54
4	60	48	55	21
4	21	55	49	61
4	54	17	52	18
4	56	38	46	50
4	51	47	39	57
4	46	40	58	48
4	49	59	41	47
4	53	19	55	20
4	48	60	50	46
4	49	47	51	61