OFF
16	24	0
-1.17114430798631	0.29368801011732865	0.10931162094238263
-0.8387701090062462	-0.4576492789900169	0.6794165848290808
-0.8144392952376528	-0.5375424573160974	-0.31708894647092317
-0.6665847017420747	0.8492341214602188	-0.5515878584933748
-0.4604401949899723	0.46107543093596254	0.7925986141756621
-0.30987968899341745	0.018003654026792444	-0.9779884259066806
-0.11726680239547817	-0.9911542397772739	0.2380533277147617
0.010482453735345468	-0.901366982255388	-0.7496791952436982
0.04411941125426262	1.0166215422788532	0.13169913473990377
0.11346132789881679	-0.34027689103815867	0.9613247414690286
0.29798459888735945	0.7939763540871261	-0.8095658486926417
0.5303052558386957	0.5650396572477727	0.8798272120504372
0.6568605152355149	-0.13880239517520027	-0.7759358573509268
0.8034989275767017	-0.8969007441994632	-0.14049521817657964
0.8875880204815091	0.5120753422939326	-0.05266459402297767
1.0342255878319375	-0.24602252904443161	0.5827770385041723
3	13	6	7
4	9	6	13	15
3	9	15	11
3	12	13	7
4	15	13	12	14
3	15	14	11
3	12	10	14
3	12	7	5
3	12	5	10
3	10	5	3
4	5	2	0	3
3	7	6	2
3	5	7	2
3	2	6	1
3	2	1	0
4	3	0	4	8
3	10	3	8
3	10	8	14
3	8	11	14
3	8	4	11
3	11	4	9
3	9	1	6
3	4	1	9
3	0	1	4