OFF
20	12	0
-1.3763819204711736	0.	0.2628655560595668
1.3763819204711736	0.	-0.2628655560595668
-0.42532540417601994	-1.3090169943749475	0.2628655560595668
-0.42532540417601994	1.3090169943749475	0.2628655560595668
1.1135163644116066	-0.8090169943749475	0.2628655560595668
1.1135163644116066	0.8090169943749475	0.2628655560595668
-0.2628655560595668	-0.8090169943749475	1.1135163644116066
-0.2628655560595668	0.8090169943749475	1.1135163644116066
-0.6881909602355868	-0.5	-1.1135163644116068
-0.6881909602355868	0.5	-1.1135163644116068
0.6881909602355868	-0.5	1.1135163644116066
0.6881909602355868	0.5	1.1135163644116066
0.85065080835204	0.	-1.1135163644116068
-1.1135163644116068	-0.8090169943749475	-0.2628655560595668
-1.1135163644116068	0.8090169943749475	-0.2628655560595668
-0.85065080835204	0.	1.1135163644116066
0.2628655560595668	-0.8090169943749475	-1.1135163644116068
0.2628655560595668	0.8090169943749475	-1.1135163644116068
0.42532540417601994	-1.3090169943749475	-0.2628655560595668
0.42532540417601994	1.3090169943749475	-0.2628655560595668
5	14	9	8	13	0
5	1	5	11	10	4
5	4	10	6	2	18
5	10	11	7	15	6
5	11	5	19	3	7
5	5	1	12	17	19
5	1	4	18	16	12
5	3	19	17	9	14
5	17	12	16	8	9
5	16	18	2	13	8
5	2	6	15	0	13
5	15	7	3	14	0