OFF
12	8	0
0.	-1.7769014186686123	0.9613432418474629
0.	1.776901418668612	-0.9613432418474629
0.	-1.0981854713951091	1.6957441289089041
0.	1.0981854713951091	-1.695744128908904
-1.5388417685876268	-0.8884507093343061	-0.9613432418474629
-1.5388417685876268	0.8884507093343061	0.9613432418474629
1.5388417685876266	-0.8884507093343061	-0.9613432418474629
1.5388417685876266	0.8884507093343061	0.9613432418474629
-0.9510565162951535	-0.5490927356975546	-1.695744128908904
-0.9510565162951535	0.5490927356975546	1.6957441289089041
0.9510565162951535	-0.5490927356975546	-1.695744128908904
0.9510565162951535	0.5490927356975546	1.6957441289089041
5	0	6	7	11	2
5	8	10	6	0	4
5	7	1	5	9	11
5	3	8	4	5	1
5	5	4	0	2	9
5	10	3	1	7	6
3	10	8	3
3	11	9	2