OFF
15	14	0
0.	-1.	-1.
0.	-1.	0.
0.	1.	-1.
0.	1.	0.
-0.2886751345948129	-0.5	0.816496580927726
-0.2886751345948129	0.5	0.816496580927726
0.5773502691896258	0.	0.816496580927726
-0.8660254037844386	-0.5	-1.
-0.8660254037844386	-0.5	0.
-0.8660254037844386	0.5	-1.
-0.8660254037844386	0.5	0.
0.8660254037844386	-0.5	-1.
0.8660254037844386	-0.5	0.
0.8660254037844386	0.5	-1.
0.8660254037844386	0.5	0.
4	4	5	10	8
4	6	4	1	12
4	5	6	14	3
3	3	10	5
3	8	1	4
3	12	14	6
3	5	4	6
6	13	11	0	7	9	2
4	2	9	10	3
4	9	7	8	10
4	7	0	1	8
4	0	11	12	1
4	11	13	14	12
4	13	2	3	14