OFF
25	22	0
0.	-1.618033988749895	-1.
0.	-1.618033988749895	0.
0.	1.618033988749895	-1.
0.	1.618033988749895	0.
0.8506508083520399	0.	0.5257311121191336
0.2628655560595668	-0.8090169943749475	0.5257311121191336
0.2628655560595668	0.8090169943749475	0.5257311121191336
-0.9510565162951535	-1.3090169943749475	-1.
-0.9510565162951535	-1.3090169943749475	0.
-0.9510565162951535	1.3090169943749475	-1.
-0.9510565162951535	1.3090169943749475	0.
0.9510565162951535	-1.3090169943749475	-1.
0.9510565162951535	-1.3090169943749475	0.
0.9510565162951535	1.3090169943749475	-1.
0.9510565162951535	1.3090169943749475	0.
-0.6881909602355868	-0.5	0.5257311121191336
-0.6881909602355868	0.5	0.5257311121191336
-1.5388417685876268	-0.5	-1.
-1.5388417685876268	-0.5	0.
-1.5388417685876268	0.5	-1.
-1.5388417685876268	0.5	0.
1.5388417685876268	-0.5	-1.
1.5388417685876268	-0.5	0.
1.5388417685876268	0.5	-1.
1.5388417685876268	0.5	0.
4	16	6	3	10
4	15	16	20	18
4	5	15	8	1
4	4	5	12	22
4	6	4	24	14
3	14	3	6
3	10	20	16
3	18	8	15
3	1	12	5
3	22	24	4
5	6	16	15	5	4
10	23	21	11	0	7	17	19	9	2	13
4	13	2	3	14
4	2	9	10	3
4	9	19	20	10
4	19	17	18	20
4	17	7	8	18
4	7	0	1	8
4	0	11	12	1
4	11	21	22	12
4	21	23	24	22
4	23	13	14	24