OFF
18	20	0
0.	-1.	-0.5
0.	-1.	0.5
0.	1.	-0.5
0.	1.	0.5
-0.2886751345948129	-0.5	1.3164965809277258
-0.2886751345948129	0.5	1.3164965809277258
0.2886751345948129	-0.5	-1.3164965809277258
0.5773502691896258	0.	1.3164965809277258
-0.8660254037844386	-0.5	-0.5
-0.8660254037844386	-0.5	0.5
-0.8660254037844386	0.5	-0.5
-0.8660254037844386	0.5	0.5
0.8660254037844386	-0.5	-0.5
0.8660254037844386	-0.5	0.5
0.8660254037844386	0.5	-0.5
0.8660254037844386	0.5	0.5
-0.5773502691896258	0.	-1.3164965809277258
0.2886751345948129	0.5	-1.3164965809277258
3	5	4	7
4	4	5	11	9
4	7	4	1	13
4	5	7	15	3
3	3	11	5
3	9	1	4
3	13	15	7
3	6	16	17
4	10	2	17	16
4	0	8	16	6
4	14	12	6	17
3	17	2	14
3	16	8	10
3	6	12	0
4	2	10	11	3
4	10	8	9	11
4	8	0	1	9
4	0	12	13	1
4	12	14	15	13
4	14	2	3	15