OFF
40	42	0
0.	-1.618033988749895	-0.5
0.	-1.618033988749895	0.5
0.	1.618033988749895	-0.5
0.	1.618033988749895	0.5
-0.42532540417601994	-1.3090169943749475	-1.35065080835204
-0.42532540417601994	1.3090169943749475	-1.35065080835204
0.42532540417601994	-1.3090169943749475	1.35065080835204
0.42532540417601994	1.3090169943749475	1.35065080835204
-0.6881909602355868	-0.5	-1.8763819204711738
-0.6881909602355868	0.5	-1.8763819204711738
0.6881909602355868	-0.5	1.8763819204711738
0.6881909602355868	0.5	1.8763819204711738
-0.8506508083520399	0.	1.8763819204711738
0.8506508083520399	0.	-1.8763819204711738
-1.1135163644116066	-0.8090169943749475	1.35065080835204
-1.1135163644116066	0.8090169943749475	1.35065080835204
1.1135163644116066	-0.8090169943749475	-1.35065080835204
1.1135163644116066	0.8090169943749475	-1.35065080835204
-0.2628655560595668	-0.8090169943749475	1.8763819204711738
-0.2628655560595668	0.8090169943749475	1.8763819204711738
0.2628655560595668	-0.8090169943749475	-1.8763819204711738
0.2628655560595668	0.8090169943749475	-1.8763819204711738
-0.9510565162951535	-1.3090169943749475	-0.5
-0.9510565162951535	-1.3090169943749475	0.5
-0.9510565162951535	1.3090169943749475	-0.5
-0.9510565162951535	1.3090169943749475	0.5
0.9510565162951535	-1.3090169943749475	-0.5
0.9510565162951535	-1.3090169943749475	0.5
0.9510565162951535	1.3090169943749475	-0.5
0.9510565162951535	1.3090169943749475	0.5
-1.5388417685876268	-0.5	-0.5
-1.5388417685876268	-0.5	0.5
-1.5388417685876268	0.5	-0.5
-1.5388417685876268	0.5	0.5
1.5388417685876268	-0.5	-0.5
1.5388417685876268	-0.5	0.5
1.5388417685876268	0.5	-0.5
1.5388417685876268	0.5	0.5
-1.3763819204711736	0.	-1.35065080835204
1.3763819204711736	0.	1.35065080835204
5	19	12	18	10	11
3	15	12	19
3	14	18	12
3	6	10	18
3	39	11	10
3	7	19	11
3	29	3	7
3	25	33	15
3	31	23	14
3	1	27	6
3	35	37	39
5	3	25	15	19	7
5	33	31	14	12	15
5	23	1	6	18	14
5	27	35	39	10	6
5	37	29	7	11	39
5	13	20	8	9	21
3	21	9	5
3	9	8	38
3	8	20	4
3	20	13	16
3	13	21	17
3	17	28	36
3	5	24	2
3	38	30	32
3	4	0	22
3	16	34	26
5	17	21	5	2	28
5	5	9	38	32	24
5	38	8	4	22	30
5	4	20	16	26	0
5	16	13	17	36	34
4	28	2	3	29
4	2	24	25	3
4	24	32	33	25
4	32	30	31	33
4	30	22	23	31
4	22	0	1	23
4	0	26	27	1
4	26	34	35	27
4	34	36	37	35
4	36	28	29	37