OFF
20	18	0
0.	-0.7071067811865475	0.7071067811865475
0.	0.7071067811865475	0.7071067811865475
-0.7071067811865475	0.	0.7071067811865475
0.7071067811865475	0.	0.7071067811865475
0.5	1.2071067811865475	-1.
0.5	1.2071067811865475	0.
-0.5	1.2071067811865475	-1.
-0.5	1.2071067811865475	0.
-1.2071067811865475	0.5	-1.
-1.2071067811865475	0.5	0.
-1.2071067811865475	-0.5	-1.
-1.2071067811865475	-0.5	0.
-0.5	-1.2071067811865475	-1.
-0.5	-1.2071067811865475	0.
0.5	-1.2071067811865475	-1.
0.5	-1.2071067811865475	0.
1.2071067811865475	-0.5	-1.
1.2071067811865475	-0.5	0.
1.2071067811865475	0.5	-1.
1.2071067811865475	0.5	0.
4	2	1	7	9
4	0	2	11	13
4	3	0	15	17
4	1	3	19	5
3	5	7	1
3	9	11	2
3	13	15	0
3	17	19	3
4	1	2	0	3
8	18	16	14	12	10	8	6	4
4	4	6	7	5
4	6	8	9	7
4	8	10	11	9
4	10	12	13	11
4	12	14	15	13
4	14	16	17	15
4	16	18	19	17
4	18	4	5	19