OFF
24	26	0
-0.5	-0.5	-1.2071067811865475
-0.5	0.5	-1.2071067811865475
0.	-0.7071067811865475	1.2071067811865475
0.	0.7071067811865475	1.2071067811865475
0.5	-0.5	-1.2071067811865475
0.5	0.5	-1.2071067811865475
-0.7071067811865475	0.	1.2071067811865475
0.7071067811865475	0.	1.2071067811865475
0.5	1.2071067811865475	-0.5
0.5	1.2071067811865475	0.5
-0.5	1.2071067811865475	-0.5
-0.5	1.2071067811865475	0.5
-1.2071067811865475	0.5	-0.5
-1.2071067811865475	0.5	0.5
-1.2071067811865475	-0.5	-0.5
-1.2071067811865475	-0.5	0.5
-0.5	-1.2071067811865475	-0.5
-0.5	-1.2071067811865475	0.5
0.5	-1.2071067811865475	-0.5
0.5	-1.2071067811865475	0.5
1.2071067811865475	-0.5	-0.5
1.2071067811865475	-0.5	0.5
1.2071067811865475	0.5	-0.5
1.2071067811865475	0.5	0.5
4	3	6	2	7
4	6	3	11	13
4	2	6	15	17
4	7	2	19	21
4	3	7	23	9
3	9	11	3
3	13	15	6
3	17	19	2
3	21	23	7
4	4	0	1	5
4	10	8	5	1
4	14	12	1	0
4	18	16	0	4
4	22	20	4	5
3	5	8	22
3	1	12	10
3	0	16	14
3	4	20	18
4	8	10	11	9
4	10	12	13	11
4	12	14	15	13
4	14	16	17	15
4	16	18	19	17
4	18	20	21	19
4	20	22	23	21
4	22	8	9	23