OFF
35	37	0
0.	-1.618033988749895	-0.5
0.	-1.618033988749895	0.5
0.	1.618033988749895	-0.5
0.	1.618033988749895	0.5
0.8506508083520399	0.	-1.0257311121191337
0.2628655560595668	-0.8090169943749475	-1.0257311121191337
0.2628655560595668	0.8090169943749475	-1.0257311121191337
-0.9510565162951535	-1.3090169943749475	-0.5
-0.9510565162951535	-1.3090169943749475	0.5
-0.9510565162951535	1.3090169943749475	-0.5
-0.9510565162951535	1.3090169943749475	0.5
0.9510565162951535	-1.3090169943749475	-0.5
0.9510565162951535	-1.3090169943749475	0.5
0.9510565162951535	1.3090169943749475	-0.5
0.9510565162951535	1.3090169943749475	0.5
-0.6881909602355868	-0.5	-1.0257311121191337
-0.6881909602355868	0.5	-1.0257311121191337
-1.5388417685876268	-0.5	-0.5
-1.5388417685876268	-0.5	0.5
-1.5388417685876268	0.5	-0.5
-1.5388417685876268	0.5	0.5
1.5388417685876268	-0.5	-0.5
1.5388417685876268	-0.5	0.5
1.5388417685876268	0.5	-0.5
1.5388417685876268	0.5	0.5
1.3763819204711736	0.	1.35065080835204
0.42532540417601994	-1.3090169943749475	1.35065080835204
0.42532540417601994	1.3090169943749475	1.35065080835204
-1.1135163644116066	-0.8090169943749475	1.35065080835204
-1.1135163644116066	0.8090169943749475	1.35065080835204
-0.8506508083520399	0.	1.8763819204711738
-0.2628655560595668	-0.8090169943749475	1.8763819204711738
-0.2628655560595668	0.8090169943749475	1.8763819204711738
0.6881909602355868	-0.5	1.8763819204711738
0.6881909602355868	0.5	1.8763819204711738
5	32	30	31	33	34
3	29	30	32
3	28	31	30
3	26	33	31
3	25	34	33
3	27	32	34
3	14	3	27
3	10	20	29
3	18	8	28
3	1	12	26
3	22	24	25
5	3	10	29	32	27
5	20	18	28	30	29
5	8	1	26	31	28
5	12	22	25	33	26
5	24	14	27	34	25
5	4	5	15	16	6
4	9	2	6	16
4	17	19	16	15
4	0	7	15	5
4	21	11	5	4
4	13	23	4	6
3	6	2	13
3	16	19	9
3	15	7	17
3	5	11	0
3	4	23	21
4	13	2	3	14
4	2	9	10	3
4	9	19	20	10
4	19	17	18	20
4	17	7	8	18
4	7	0	1	8
4	0	11	12	1
4	11	21	22	12
4	21	23	24	22
4	23	13	14	24