OFF
18	20	0
0.	-1.	-0.5
0.	-1.	0.5
0.	1.	-0.5
0.	1.	0.5
-0.2886751345948129	-0.5	-1.3164965809277258
-0.2886751345948129	-0.5	1.3164965809277258
-0.2886751345948129	0.5	-1.3164965809277258
-0.2886751345948129	0.5	1.3164965809277258
0.5773502691896258	0.	-1.3164965809277258
0.5773502691896258	0.	1.3164965809277258
-0.8660254037844386	-0.5	-0.5
-0.8660254037844386	-0.5	0.5
-0.8660254037844386	0.5	-0.5
-0.8660254037844386	0.5	0.5
0.8660254037844386	-0.5	-0.5
0.8660254037844386	-0.5	0.5
0.8660254037844386	0.5	-0.5
0.8660254037844386	0.5	0.5
4	5	7	13	11
4	9	5	1	15
4	7	9	17	3
3	3	13	7
3	11	1	5
3	15	17	9
3	7	5	9
4	10	12	6	4
4	14	0	4	8
4	2	16	8	6
3	6	12	2
3	4	0	10
3	8	16	14
3	8	4	6
4	2	12	13	3
4	12	10	11	13
4	10	0	1	11
4	0	14	15	1
4	14	16	17	15
4	16	2	3	17