OFF
30	27	0
0.	-1.618033988749895	-1.
0.	-1.618033988749895	0.
0.	1.618033988749895	-1.
0.	1.618033988749895	0.
-0.9510565162951535	-1.3090169943749475	-1.
-0.9510565162951535	-1.3090169943749475	0.
-0.9510565162951535	1.3090169943749475	-1.
-0.9510565162951535	1.3090169943749475	0.
0.9510565162951535	-1.3090169943749475	-1.
0.9510565162951535	-1.3090169943749475	0.
0.9510565162951535	1.3090169943749475	-1.
0.9510565162951535	1.3090169943749475	0.
-1.5388417685876268	-0.5	-1.
-1.5388417685876268	-0.5	0.
-1.5388417685876268	0.5	-1.
-1.5388417685876268	0.5	0.
1.5388417685876268	-0.5	-1.
1.5388417685876268	-0.5	0.
1.5388417685876268	0.5	-1.
1.5388417685876268	0.5	0.
1.3763819204711736	0.	0.8506508083520399
0.42532540417601994	-1.3090169943749475	0.8506508083520399
0.42532540417601994	1.3090169943749475	0.8506508083520399
-1.1135163644116066	-0.8090169943749475	0.8506508083520399
-1.1135163644116066	0.8090169943749475	0.8506508083520399
-0.8506508083520399	0.	1.3763819204711736
-0.2628655560595668	-0.8090169943749475	1.3763819204711736
-0.2628655560595668	0.8090169943749475	1.3763819204711736
0.6881909602355868	-0.5	1.3763819204711736
0.6881909602355868	0.5	1.3763819204711736
5	27	25	26	28	29
3	24	25	27
3	23	26	25
3	21	28	26
3	20	29	28
3	22	27	29
3	11	3	22
3	7	15	24
3	13	5	23
3	1	9	21
3	17	19	20
5	3	7	24	27	22
5	15	13	23	25	24
5	5	1	21	26	23
5	9	17	20	28	21
5	19	11	22	29	20
10	18	16	8	0	4	12	14	6	2	10
4	10	2	3	11
4	2	6	7	3
4	6	14	15	7
4	14	12	13	15
4	12	4	5	13
4	4	0	1	5
4	0	8	9	1
4	8	16	17	9
4	16	18	19	17
4	18	10	11	19