OFF
30	32	0
0.	-1.618033988749895	-0.5
0.	-1.618033988749895	0.5
0.	1.618033988749895	-0.5
0.	1.618033988749895	0.5
0.8506508083520399	0.	-1.0257311121191337
0.8506508083520399	0.	1.0257311121191337
0.2628655560595668	-0.8090169943749475	-1.0257311121191337
0.2628655560595668	-0.8090169943749475	1.0257311121191337
0.2628655560595668	0.8090169943749475	-1.0257311121191337
0.2628655560595668	0.8090169943749475	1.0257311121191337
-0.9510565162951535	-1.3090169943749475	-0.5
-0.9510565162951535	-1.3090169943749475	0.5
-0.9510565162951535	1.3090169943749475	-0.5
-0.9510565162951535	1.3090169943749475	0.5
0.9510565162951535	-1.3090169943749475	-0.5
0.9510565162951535	-1.3090169943749475	0.5
0.9510565162951535	1.3090169943749475	-0.5
0.9510565162951535	1.3090169943749475	0.5
-0.6881909602355868	-0.5	-1.0257311121191337
-0.6881909602355868	-0.5	1.0257311121191337
-0.6881909602355868	0.5	-1.0257311121191337
-0.6881909602355868	0.5	1.0257311121191337
-1.5388417685876268	-0.5	-0.5
-1.5388417685876268	-0.5	0.5
-1.5388417685876268	0.5	-0.5
-1.5388417685876268	0.5	0.5
1.5388417685876268	-0.5	-0.5
1.5388417685876268	-0.5	0.5
1.5388417685876268	0.5	-0.5
1.5388417685876268	0.5	0.5
4	21	9	3	13
4	19	21	25	23
4	7	19	11	1
4	5	7	15	27
4	9	5	29	17
3	17	3	9
3	13	25	21
3	23	11	19
3	1	15	7
3	27	29	5
5	9	21	19	7	5
4	12	2	8	20
4	22	24	20	18
4	0	10	18	6
4	26	14	6	4
4	16	28	4	8
3	8	2	16
3	20	24	12
3	18	10	22
3	6	14	0
3	4	28	26
5	4	6	18	20	8
4	16	2	3	17
4	2	12	13	3
4	12	24	25	13
4	24	22	23	25
4	22	10	11	23
4	10	0	1	11
4	0	14	15	1
4	14	26	27	15
4	26	28	29	27
4	28	16	17	29