OFF
40	42	0
0.	-1.618033988749895	-0.5
0.	-1.618033988749895	0.5
0.	1.618033988749895	-0.5
0.	1.618033988749895	0.5
-0.9510565162951535	-1.3090169943749475	-0.5
-0.9510565162951535	-1.3090169943749475	0.5
-0.9510565162951535	1.3090169943749475	-0.5
-0.9510565162951535	1.3090169943749475	0.5
0.9510565162951535	-1.3090169943749475	-0.5
0.9510565162951535	-1.3090169943749475	0.5
0.9510565162951535	1.3090169943749475	-0.5
0.9510565162951535	1.3090169943749475	0.5
-1.5388417685876268	-0.5	-0.5
-1.5388417685876268	-0.5	0.5
-1.5388417685876268	0.5	-0.5
-1.5388417685876268	0.5	0.5
1.5388417685876268	-0.5	-0.5
1.5388417685876268	-0.5	0.5
1.5388417685876268	0.5	-0.5
1.5388417685876268	0.5	0.5
1.3763819204711736	0.	-1.35065080835204
1.3763819204711736	0.	1.35065080835204
0.42532540417601994	-1.3090169943749475	-1.35065080835204
0.42532540417601994	-1.3090169943749475	1.35065080835204
0.42532540417601994	1.3090169943749475	-1.35065080835204
0.42532540417601994	1.3090169943749475	1.35065080835204
-1.1135163644116066	-0.8090169943749475	-1.35065080835204
-1.1135163644116066	-0.8090169943749475	1.35065080835204
-1.1135163644116066	0.8090169943749475	-1.35065080835204
-1.1135163644116066	0.8090169943749475	1.35065080835204
-0.8506508083520399	0.	-1.8763819204711738
-0.8506508083520399	0.	1.8763819204711738
-0.2628655560595668	-0.8090169943749475	-1.8763819204711738
-0.2628655560595668	-0.8090169943749475	1.8763819204711738
-0.2628655560595668	0.8090169943749475	-1.8763819204711738
-0.2628655560595668	0.8090169943749475	1.8763819204711738
0.6881909602355868	-0.5	-1.8763819204711738
0.6881909602355868	-0.5	1.8763819204711738
0.6881909602355868	0.5	-1.8763819204711738
0.6881909602355868	0.5	1.8763819204711738
5	35	31	33	37	39
3	29	31	35
3	27	33	31
3	23	37	33
3	21	39	37
3	25	35	39
3	11	3	25
3	7	15	29
3	13	5	27
3	1	9	23
3	17	19	21
5	3	7	29	35	25
5	15	13	27	31	29
5	5	1	23	33	27
5	9	17	21	37	23
5	19	11	25	39	21
5	38	36	32	30	34
3	34	30	28
3	30	32	26
3	32	36	22
3	36	38	20
3	38	34	24
3	24	2	10
3	28	14	6
3	26	4	12
3	22	8	0
3	20	18	16
5	24	34	28	6	2
5	28	30	26	12	14
5	26	32	22	0	4
5	22	36	20	16	8
5	20	38	24	10	18
4	10	2	3	11
4	2	6	7	3
4	6	14	15	7
4	14	12	13	15
4	12	4	5	13
4	4	0	1	5
4	0	8	9	1
4	8	16	17	9
4	16	18	19	17
4	18	10	11	19