OFF
30	32	0
0.	-1.618033988749895	-0.5
0.	-1.618033988749895	0.5
0.	1.618033988749895	-0.5
0.	1.618033988749895	0.5
-0.6881909602355868	-0.5	1.0257311121191337
-0.6881909602355868	0.5	1.0257311121191337
0.6881909602355868	-0.5	-1.0257311121191337
0.6881909602355868	0.5	-1.0257311121191337
-0.8506508083520399	0.	-1.0257311121191337
0.8506508083520399	0.	1.0257311121191337
-0.2628655560595668	-0.8090169943749475	-1.0257311121191337
-0.2628655560595668	0.8090169943749475	-1.0257311121191337
0.2628655560595668	-0.8090169943749475	1.0257311121191337
0.2628655560595668	0.8090169943749475	1.0257311121191337
-0.9510565162951535	-1.3090169943749475	-0.5
-0.9510565162951535	-1.3090169943749475	0.5
-0.9510565162951535	1.3090169943749475	-0.5
-0.9510565162951535	1.3090169943749475	0.5
0.9510565162951535	-1.3090169943749475	-0.5
0.9510565162951535	-1.3090169943749475	0.5
0.9510565162951535	1.3090169943749475	-0.5
0.9510565162951535	1.3090169943749475	0.5
-1.5388417685876268	-0.5	-0.5
-1.5388417685876268	-0.5	0.5
-1.5388417685876268	0.5	-0.5
-1.5388417685876268	0.5	0.5
1.5388417685876268	-0.5	-0.5
1.5388417685876268	-0.5	0.5
1.5388417685876268	0.5	-0.5
1.5388417685876268	0.5	0.5
5	13	5	4	12	9
4	5	13	3	17
4	4	5	25	23
4	12	4	15	1
4	9	12	19	27
4	13	9	29	21
3	21	3	13
3	17	25	5
3	23	15	4
3	1	19	12
3	27	29	9
5	6	10	8	11	7
4	2	20	7	11
4	24	16	11	8
4	14	22	8	10
4	18	0	10	6
4	28	26	6	7
3	7	20	28
3	11	16	2
3	8	22	24
3	10	0	14
3	6	26	18
4	20	2	3	21
4	2	16	17	3
4	16	24	25	17
4	24	22	23	25
4	22	14	15	23
4	14	0	1	15
4	0	18	19	1
4	18	26	27	19
4	26	28	29	27
4	28	20	21	29