OFF
18	12	0
-0.8660254037844386	-0.8660254037844386	-0.5
-0.8660254037844386	-0.8660254037844386	0.5
-0.8660254037844386	0.	-1.
-0.8660254037844386	0.	1.
-0.8660254037844386	0.8660254037844386	-0.5
-0.8660254037844386	0.8660254037844386	0.5
0.	-0.8660254037844386	-1.
0.	-0.8660254037844386	1.
0.	0.	-1.5
0.	0.	1.5
0.	0.8660254037844386	-1.
0.	0.8660254037844386	1.
0.8660254037844386	-0.8660254037844386	-0.5
0.8660254037844386	-0.8660254037844386	0.5
0.8660254037844386	0.	-1.
0.8660254037844386	0.	1.
0.8660254037844386	0.8660254037844386	-0.5
0.8660254037844386	0.8660254037844386	0.5
4	7	9	3	1
4	8	10	16	14
6	0	1	3	5	4	2
6	14	16	17	15	13	12
4	3	9	11	5
4	8	14	12	6
4	2	4	10	8
4	13	15	9	7
6	5	11	17	16	10	4
6	0	6	12	13	7	1
4	11	9	15	17
4	8	6	0	2