OFF
120	62	0
-1.	-1.3090169943749475	-3.4270509831248424
-1.	-1.3090169943749475	3.4270509831248424
-1.	1.3090169943749475	-3.4270509831248424
-1.	1.3090169943749475	3.4270509831248424
-0.5	-0.5	-3.73606797749979
-0.5	-0.5	3.73606797749979
-0.5	0.5	-3.73606797749979
-0.5	0.5	3.73606797749979
-0.5	-3.73606797749979	-0.5
-0.5	-3.73606797749979	0.5
-0.5	-2.118033988749895	-3.118033988749895
-0.5	-2.118033988749895	3.118033988749895
-0.5	3.73606797749979	-0.5
-0.5	3.73606797749979	0.5
-0.5	2.118033988749895	-3.118033988749895
-0.5	2.118033988749895	3.118033988749895
0.5	-0.5	-3.73606797749979
0.5	-0.5	3.73606797749979
0.5	0.5	-3.73606797749979
0.5	0.5	3.73606797749979
0.5	-3.73606797749979	-0.5
0.5	-3.73606797749979	0.5
0.5	-2.118033988749895	-3.118033988749895
0.5	-2.118033988749895	3.118033988749895
0.5	3.73606797749979	-0.5
0.5	3.73606797749979	0.5
0.5	2.118033988749895	-3.118033988749895
0.5	2.118033988749895	3.118033988749895
1.	-1.3090169943749475	-3.4270509831248424
1.	-1.3090169943749475	3.4270509831248424
1.	1.3090169943749475	-3.4270509831248424
1.	1.3090169943749475	3.4270509831248424
-3.4270509831248424	-1.	-1.3090169943749475
-3.4270509831248424	-1.	1.3090169943749475
-3.4270509831248424	1.	-1.3090169943749475
-3.4270509831248424	1.	1.3090169943749475
-2.9270509831248424	-1.8090169943749475	-1.618033988749895
-2.9270509831248424	-1.8090169943749475	1.618033988749895
-2.9270509831248424	1.8090169943749475	-1.618033988749895
-2.9270509831248424	1.8090169943749475	1.618033988749895
-1.8090169943749475	-1.618033988749895	-2.9270509831248424
-1.8090169943749475	-1.618033988749895	2.9270509831248424
-1.8090169943749475	1.618033988749895	-2.9270509831248424
-1.8090169943749475	1.618033988749895	2.9270509831248424
-1.3090169943749475	-3.4270509831248424	-1.
-1.3090169943749475	-3.4270509831248424	1.
-1.3090169943749475	-2.4270509831248424	-2.618033988749895
-1.3090169943749475	-2.4270509831248424	2.618033988749895
-1.3090169943749475	2.4270509831248424	-2.618033988749895
-1.3090169943749475	2.4270509831248424	2.618033988749895
-1.3090169943749475	3.4270509831248424	-1.
-1.3090169943749475	3.4270509831248424	1.
-2.618033988749895	-1.3090169943749475	-2.4270509831248424
-2.618033988749895	-1.3090169943749475	2.4270509831248424
-2.618033988749895	1.3090169943749475	-2.4270509831248424
-2.618033988749895	1.3090169943749475	2.4270509831248424
-3.73606797749979	-0.5	-0.5
-3.73606797749979	-0.5	0.5
-3.73606797749979	0.5	-0.5
-3.73606797749979	0.5	0.5
-1.618033988749895	-2.9270509831248424	-1.8090169943749475
-1.618033988749895	-2.9270509831248424	1.8090169943749475
-1.618033988749895	2.9270509831248424	-1.8090169943749475
-1.618033988749895	2.9270509831248424	1.8090169943749475
-3.118033988749895	-0.5	-2.118033988749895
-3.118033988749895	-0.5	2.118033988749895
-3.118033988749895	0.5	-2.118033988749895
-3.118033988749895	0.5	2.118033988749895
-2.118033988749895	-3.118033988749895	-0.5
-2.118033988749895	-3.118033988749895	0.5
-2.118033988749895	3.118033988749895	-0.5
-2.118033988749895	3.118033988749895	0.5
-2.4270509831248424	-2.618033988749895	-1.3090169943749475
-2.4270509831248424	-2.618033988749895	1.3090169943749475
-2.4270509831248424	2.618033988749895	-1.3090169943749475
-2.4270509831248424	2.618033988749895	1.3090169943749475
1.618033988749895	-2.9270509831248424	-1.8090169943749475
1.618033988749895	-2.9270509831248424	1.8090169943749475
1.618033988749895	2.9270509831248424	-1.8090169943749475
1.618033988749895	2.9270509831248424	1.8090169943749475
2.4270509831248424	-2.618033988749895	-1.3090169943749475
2.4270509831248424	-2.618033988749895	1.3090169943749475
2.4270509831248424	2.618033988749895	-1.3090169943749475
2.4270509831248424	2.618033988749895	1.3090169943749475
3.73606797749979	-0.5	-0.5
3.73606797749979	-0.5	0.5
3.73606797749979	0.5	-0.5
3.73606797749979	0.5	0.5
2.118033988749895	-3.118033988749895	-0.5
2.118033988749895	-3.118033988749895	0.5
2.118033988749895	3.118033988749895	-0.5
2.118033988749895	3.118033988749895	0.5
1.3090169943749475	-3.4270509831248424	-1.
1.3090169943749475	-3.4270509831248424	1.
1.3090169943749475	-2.4270509831248424	-2.618033988749895
1.3090169943749475	-2.4270509831248424	2.618033988749895
1.3090169943749475	2.4270509831248424	-2.618033988749895
1.3090169943749475	2.4270509831248424	2.618033988749895
1.3090169943749475	3.4270509831248424	-1.
1.3090169943749475	3.4270509831248424	1.
2.618033988749895	-1.3090169943749475	-2.4270509831248424
2.618033988749895	-1.3090169943749475	2.4270509831248424
2.618033988749895	1.3090169943749475	-2.4270509831248424
2.618033988749895	1.3090169943749475	2.4270509831248424
3.118033988749895	-0.5	-2.118033988749895
3.118033988749895	-0.5	2.118033988749895
3.118033988749895	0.5	-2.118033988749895
3.118033988749895	0.5	2.118033988749895
1.8090169943749475	-1.618033988749895	-2.9270509831248424
1.8090169943749475	-1.618033988749895	2.9270509831248424
1.8090169943749475	1.618033988749895	-2.9270509831248424
1.8090169943749475	1.618033988749895	2.9270509831248424
2.9270509831248424	-1.8090169943749475	-1.618033988749895
2.9270509831248424	-1.8090169943749475	1.618033988749895
2.9270509831248424	1.8090169943749475	-1.618033988749895
2.9270509831248424	1.8090169943749475	1.618033988749895
3.4270509831248424	-1.	-1.3090169943749475
3.4270509831248424	-1.	1.3090169943749475
3.4270509831248424	1.	-1.3090169943749475
3.4270509831248424	1.	1.3090169943749475
10	1	5	7	3	43	55	67	65	53	41
10	108	28	16	18	30	110	102	106	104	100
6	23	29	17	5	1	11
6	6	2	14	26	30	18
10	57	56	32	36	72	68	69	73	37	33
10	83	115	119	87	86	118	114	82	90	91
10	89	88	80	112	116	84	85	117	113	81
10	35	39	75	71	70	74	38	34	58	59
6	4	16	28	22	10	0
6	3	7	19	31	27	15
10	66	54	42	2	6	4	0	40	52	64
10	17	29	109	101	105	107	103	111	31	19
6	78	82	114	102	110	96
6	37	73	61	47	41	53
4	3	15	49	43
4	22	28	108	94
4	95	109	29	23
4	42	48	14	2
6	52	40	46	60	72	36
6	97	111	103	115	83	79
6	68	44	8	9	45	69
6	25	99	91	90	98	24
6	81	113	101	109	95	77
6	54	38	74	62	48	42
4	0	10	46	40
4	27	31	111	97
10	60	46	10	22	94	76	92	20	8	44
10	49	15	27	97	79	99	25	13	51	63
4	96	110	30	26
4	41	47	11	1
6	43	49	63	75	39	55
6	76	94	108	100	112	80
10	62	50	12	24	98	78	96	26	14	48
10	45	9	21	93	77	95	23	11	47	61
6	51	13	12	50	70	71
6	21	20	92	88	89	93
4	114	118	106	102
4	33	37	53	65
4	70	50	62	74
4	93	89	81	77
4	113	117	105	101
4	34	38	54	66
4	69	45	61	73
4	98	90	82	78
4	64	52	36	32
4	103	107	119	115
4	76	80	88	92
4	75	63	51	71
6	58	34	66	64	32	56
6	105	117	85	87	119	107
4	67	55	39	35
4	100	104	116	112
4	79	83	91	99
4	72	60	44	68
6	33	65	67	35	59	57
6	104	106	118	86	84	116
4	6	18	16	4
4	5	17	19	7
4	13	25	24	12
4	8	20	21	9
4	57	59	58	56
4	84	86	87	85