OFF
48	26	0
-0.5	1.2071067811865475	-1.9142135623730951
-0.5	1.2071067811865475	1.9142135623730951
-0.5	-1.2071067811865472	-1.9142135623730951
-0.5	-1.2071067811865472	1.9142135623730951
-0.5	-1.9142135623730951	1.2071067811865475
-0.5	-1.9142135623730951	-1.2071067811865472
-0.5	1.9142135623730951	1.2071067811865475
-0.5	1.9142135623730951	-1.2071067811865472
0.5	1.2071067811865475	-1.9142135623730951
0.5	1.2071067811865475	1.9142135623730951
0.5	-1.2071067811865472	-1.9142135623730951
0.5	-1.2071067811865472	1.9142135623730951
0.5	-1.9142135623730951	1.2071067811865475
0.5	-1.9142135623730951	-1.2071067811865472
0.5	1.9142135623730951	1.2071067811865475
0.5	1.9142135623730951	-1.2071067811865472
1.2071067811865475	-0.5	-1.9142135623730951
1.2071067811865475	-0.5	1.9142135623730951
1.2071067811865475	0.5	-1.9142135623730951
1.2071067811865475	0.5	1.9142135623730951
1.2071067811865475	-1.9142135623730951	-0.5
1.2071067811865475	-1.9142135623730951	0.5
1.2071067811865475	1.9142135623730951	-0.5
1.2071067811865475	1.9142135623730951	0.5
-1.2071067811865472	-0.5	-1.9142135623730951
-1.2071067811865472	-0.5	1.9142135623730951
-1.2071067811865472	0.5	-1.9142135623730951
-1.2071067811865472	0.5	1.9142135623730951
-1.2071067811865472	-1.9142135623730951	-0.5
-1.2071067811865472	-1.9142135623730951	0.5
-1.2071067811865472	1.9142135623730951	-0.5
-1.2071067811865472	1.9142135623730951	0.5
-1.9142135623730951	-0.5	1.2071067811865475
-1.9142135623730951	-0.5	-1.2071067811865472
-1.9142135623730951	0.5	1.2071067811865475
-1.9142135623730951	0.5	-1.2071067811865472
-1.9142135623730951	1.2071067811865475	-0.5
-1.9142135623730951	1.2071067811865475	0.5
-1.9142135623730951	-1.2071067811865472	-0.5
-1.9142135623730951	-1.2071067811865472	0.5
1.9142135623730951	-0.5	1.2071067811865475
1.9142135623730951	-0.5	-1.2071067811865472
1.9142135623730951	0.5	1.2071067811865475
1.9142135623730951	0.5	-1.2071067811865472
1.9142135623730951	1.2071067811865475	-0.5
1.9142135623730951	1.2071067811865475	0.5
1.9142135623730951	-1.2071067811865472	-0.5
1.9142135623730951	-1.2071067811865472	0.5
4	43	41	16	18
4	13	5	2	10
4	33	35	26	24
4	7	15	8	0
4	19	17	40	42
4	11	3	4	12
4	25	27	34	32
4	1	9	14	6
4	44	22	23	45
4	38	28	29	39
4	47	21	20	46
4	37	31	30	36
8	8	18	16	10	2	24	26	0
8	1	27	25	3	11	17	19	9
8	40	47	46	41	43	44	45	42
8	34	37	36	35	33	38	39	32
8	14	23	22	15	7	30	31	6
8	4	29	28	5	13	20	21	12
6	45	23	14	9	19	42
6	34	27	1	6	31	37
6	40	17	11	12	21	47
6	39	29	4	3	25	32
6	43	18	8	15	22	44
6	36	30	7	0	26	35
6	46	20	13	10	16	41
6	33	24	2	5	28	38