OFF
50	42	0
-2.106314205965797	-0.31183367780872545	-0.03452768434207853
-1.9786788748365707	0.600628998496884	-0.42327064131589753
-1.96975575282859	0.060214781063251795	0.8835854530912974
-1.8421204216993636	0.972677457368859	0.49484249611747805
-1.7891242594008119	-0.7207509102575591	-0.8902012405564139
-1.760584646390344	-1.2501356917866187	-0.04229956962124589
-1.6614889282715883	0.19171176604804535	-1.2789441975302276
-1.5396284277632362	-0.6481486398697494	1.443238692263759
-1.4918893498289973	0.7648233798900137	1.4081523442916652
-1.4264310113286862	1.1387226082471453	-1.0600418438658419
-1.410353574519983	-1.4579897692654644	0.8710102785529377
-1.2054747927015754	1.7407096601640233	0.42549641801916244
-1.1020867499629752	-1.3264927842806673	-1.2915193720685902
-1.0735471369525167	-1.8558775658097233	-0.44361770113343074
-1.0617620247636421	0.05645995895702089	1.967805583464125
-0.9485646083290924	1.8433312070739105	-0.5354749526654732
-0.8955684460305391	0.149902839447493	-1.9205186893393689
-0.8552437208312067	1.5328555826851777	1.3388062661933458
-0.7233160650821517	-2.06373164328857	0.4696921470407593
-0.6605105290876356	1.096913681646601	-1.7016163356749783
-0.5498388864550878	-0.7883991745303967	-1.9282905746185406
-0.30762665471147727	-1.8976864924102783	-1.0851921929425659
-0.30299585732332307	2.0709491924354437	0.7020350636433993
-0.1826441260880441	1.8015222804733602	-1.1770494444746136
-0.159283089385388	0.38669949122844266	2.2443442290883557
-0.04608567295083993	2.1735707393453336	-0.2589363070412344
-0.03164775825616234	1.2991621675340446	1.855601272114533
0.026526980350191465	0.49117180762349005	-2.1029344671871626
0.24462120879640697	-1.3595928826600103	-1.7219633954925169
0.2590591234910829	-2.234001454471304	0.39257418366326946
0.37225653992563373	-0.4471302063544094	-2.1107063524663343
0.5159693078635554	-2.131379907561414	-0.5683971870213822
0.52060010525172	1.8372557772843086	1.2188300695645897
0.7997310624851874	1.6312524692906305	-1.2541674078521021
0.823092099187851	0.21642968004570856	2.1672262657108683
0.9290059157284336	0.8214113398949114	-1.8263958215629303
0.9362895156223978	2.003300928162603	-0.3360542704187258
0.9507274303170763	1.1288923563513114	1.7784833087370484
1.0682171713714368	-1.593286297811143	-1.2051683895713345
1.161538058869341	-1.9037619221998858	0.669112829287503
1.2747354753038738	-0.11689067408298809	-1.8341677068421038
1.286520587492763	1.7954468506837582	0.5772555777554547
1.4184482432418128	-1.8011403752899968	-0.2918585413971448
1.5101296086256857	-0.3893121939774014	1.7659081341986866
1.6394044618689299	-1.199153323373123	1.1936797204878633
1.7048628003692279	-0.8252540950159812	-1.2745144676696525
1.7166479125581182	1.0870834297507577	1.1369088169279107
2.0550938722396004	-1.0331081724948314	-0.361204619495468
2.0623774721335666	0.1487814157728617	1.1291369316487376
2.1916523253768143	-0.6610597136228569	0.5569085179379092
4	36	33	23	25
3	25	23	15
4	23	19	9	15
5	33	35	27	19	23
3	27	16	19
4	19	16	6	9
4	30	20	16	27
3	30	28	20
4	28	21	12	20
5	20	12	4	6	16
3	21	13	12
4	12	13	5	4
4	25	15	11	22
3	22	11	17
4	11	3	8	17
5	15	9	1	3	11
3	3	2	8
4	8	2	7	14
4	1	0	2	3
3	9	6	1
4	6	4	0	1
5	0	5	10	7	2
3	4	5	0
4	5	13	18	10
4	22	17	26	32
3	32	26	37
4	26	24	34	37
5	17	8	14	24	26
10	44	43	34	24	14	7	10	18	29	39
4	32	37	46	41
10	41	46	48	49	47	45	40	35	33	36
5	37	34	43	48	46
4	43	44	49	48
5	44	39	42	47	49
4	39	29	31	42
4	35	40	30	27
4	47	42	38	45
5	45	38	28	30	40
3	42	31	38
4	38	31	21	28
5	36	25	22	32	41
5	31	29	18	13	21