OFF
40	52	0
1.0786823526341342e-18	-1.618033988749895	-0.4311985019297304
1.0786823526341342e-18	1.618033988749895	-0.4311985019297304
1.0786823526341342e-18	-1.3763819204711736	1.2818493102817692
1.0786823526341342e-18	0.85065080835204	1.8075804224009029
-1.618033988749895	-1.4382431368455124e-18	0.4311985019297292
-0.5	-1.5388417685876268	0.4311985019297292
1.618033988749895	-1.4382431368455124e-18	0.4311985019297292
-0.9510565162951535	-1.3090169943749475	-0.4311985019297304
-0.9510565162951535	1.3090169943749475	-0.4311985019297304
0.9510565162951535	-1.3090169943749475	-0.4311985019297304
0.9510565162951535	1.3090169943749475	-0.4311985019297304
-0.5	1.5388417685876268	0.4311985019297292
0.5	-1.5388417685876268	0.4311985019297292
0.5	1.5388417685876268	0.4311985019297292
-1.3090169943749475	-0.9510565162951535	0.4311985019297292
-1.3090169943749475	0.9510565162951535	0.4311985019297292
1.3090169943749475	-0.9510565162951535	0.4311985019297292
1.3090169943749475	0.9510565162951535	0.4311985019297292
-1.5388417685876268	-0.5	-0.4311985019297304
-1.5388417685876268	0.5	-0.4311985019297304
1.5388417685876268	-0.5	-0.4311985019297304
1.5388417685876268	0.5	-0.4311985019297304
1.3763819204711736	-1.4382431368455124e-18	-1.2818493102817692
0.42532540417601994	-1.3090169943749475	-1.2818493102817692
0.42532540417601994	1.3090169943749475	-1.2818493102817692
-1.1135163644116068	-0.8090169943749475	-1.2818493102817692
-1.1135163644116068	0.8090169943749475	-1.2818493102817692
1.3090169943749475	-0.4253254041760197	1.2818493102817692
0.8090169943749475	1.1135163644116066	1.2818493102817692
-0.8506508083520394	-1.4382431368455124e-18	-1.8075804224009029
-0.2628655560595671	-0.8090169943749475	-1.8075804224009029
-0.2628655560595671	0.8090169943749475	-1.8075804224009029
0.6881909602355868	-0.5	-1.8075804224009029
0.6881909602355868	0.5	-1.8075804224009029
-0.8090169943749475	0.2628655560595668	1.8075804224009029
-0.5	-0.6881909602355868	1.8075804224009029
-1.3090169943749475	-0.4253254041760197	1.2818493102817692
-0.8090169943749475	1.1135163644116066	1.2818493102817692
0.5	-0.6881909602355868	1.8075804224009029
0.8090169943749475	0.2628655560595668	1.8075804224009029
3	21	17	6
3	10	13	17
3	1	11	13
3	8	15	11
3	19	4	15
3	18	14	4
3	7	5	14
3	0	12	5
3	9	16	12
3	20	6	16
3	21	10	17
3	10	1	13
3	1	8	11
3	8	19	15
3	19	18	4
3	18	7	14
3	7	0	5
3	0	9	12
3	9	20	16
3	20	21	6
5	3	34	35	38	39
3	37	34	3
3	36	35	34
3	2	38	35
3	27	39	38
3	28	3	39
3	17	13	28
3	11	15	37
3	4	14	36
3	5	12	2
3	16	6	27
5	13	11	37	3	28
5	15	4	36	34	37
5	14	5	2	35	36
5	12	16	27	38	2
5	6	17	28	39	27
5	33	32	30	29	31
3	31	29	26
3	29	30	25
3	30	32	23
3	32	33	22
3	33	31	24
3	24	1	10
3	26	19	8
3	25	7	18
3	23	9	0
3	22	21	20
5	24	31	26	8	1
5	26	29	25	18	19
5	25	30	23	0	7
5	23	32	22	20	9
5	22	33	24	10	21