OFF
30	42	0
-1.618033988749895	0.	0.43119850192972947
-1.5388417685876268	-0.5	-0.43119850192972947
-1.5388417685876268	0.5	-0.43119850192972947
-1.3090169943749475	-0.9510565162951535	0.43119850192972947
-1.3090169943749475	0.9510565162951535	0.43119850192972947
-0.9510565162951535	-1.3090169943749475	-0.43119850192972947
-0.9510565162951535	1.3090169943749475	-0.43119850192972947
-0.8090169943749475	0.2628655560595668	0.956929614048863
-0.6881909602355868	-0.5	-0.956929614048863
-0.6881909602355868	0.5	-0.956929614048863
-0.5	-1.5388417685876268	0.43119850192972947
-0.5	-0.6881909602355868	0.956929614048863
-0.5	1.5388417685876268	0.43119850192972947
0.	-1.618033988749895	-0.43119850192972947
0.	0.85065080835204	0.956929614048863
0.	1.618033988749895	-0.43119850192972947
0.2628655560595668	-0.8090169943749475	-0.956929614048863
0.2628655560595668	0.8090169943749475	-0.956929614048863
0.5	-1.5388417685876268	0.43119850192972947
0.5	-0.6881909602355868	0.956929614048863
0.5	1.5388417685876268	0.43119850192972947
0.8090169943749475	0.2628655560595668	0.956929614048863
0.85065080835204	0.	-0.956929614048863
0.9510565162951535	-1.3090169943749475	-0.43119850192972947
0.9510565162951535	1.3090169943749475	-0.43119850192972947
1.3090169943749475	-0.9510565162951535	0.43119850192972947
1.3090169943749475	0.9510565162951535	0.43119850192972947
1.5388417685876268	-0.5	-0.43119850192972947
1.5388417685876268	0.5	-0.43119850192972947
1.618033988749895	0.	0.43119850192972947
3	0	1	3
3	0	2	1
3	0	4	2
3	0	7	4
3	1	5	3
3	1	8	5
3	2	4	6
3	2	6	9
3	3	5	10
3	3	10	11
3	4	12	6
3	5	13	10
3	6	12	15
3	10	13	18
3	12	14	20
3	12	20	15
3	13	16	23
3	13	23	18
3	15	20	24
3	15	24	17
3	18	23	25
3	18	25	19
3	20	26	24
3	21	29	26
3	22	28	27
3	23	27	25
3	24	26	28
3	25	27	29
3	26	29	28
3	27	28	29
4	11	7	0	3
4	8	1	2	9
4	14	12	4	7
4	13	5	8	16
4	9	6	15	17
4	18	19	11	10
4	26	20	14	21
4	23	16	22	27
4	22	17	24	28
4	29	21	19	25
5	21	14	7	11	19
5	16	8	9	17	22