OFF
35	47	0
0.	-1.618033988749895	-0.43119850192972947
0.	1.618033988749895	-0.43119850192972947
0.	-1.3763819204711736	1.2818493102817692
0.	0.85065080835204	1.8075804224009027
-1.618033988749895	0.	0.43119850192972947
0.85065080835204	0.	-0.9569296140488628
-0.5	-1.5388417685876268	0.43119850192972947
0.2628655560595668	-0.8090169943749475	-0.9569296140488628
0.2628655560595668	0.8090169943749475	-0.9569296140488628
1.618033988749895	0.	0.43119850192972947
-0.9510565162951535	-1.3090169943749475	-0.43119850192972947
-0.9510565162951535	1.3090169943749475	-0.43119850192972947
0.9510565162951535	-1.3090169943749475	-0.43119850192972947
0.9510565162951535	1.3090169943749475	-0.43119850192972947
-0.6881909602355868	-0.5	-0.9569296140488628
-0.6881909602355868	0.5	-0.9569296140488628
-0.5	1.5388417685876268	0.43119850192972947
0.5	-1.5388417685876268	0.43119850192972947
0.5	1.5388417685876268	0.43119850192972947
-1.3090169943749475	-0.9510565162951535	0.43119850192972947
-1.3090169943749475	0.9510565162951535	0.43119850192972947
1.3090169943749475	-0.9510565162951535	0.43119850192972947
1.3090169943749475	0.9510565162951535	0.43119850192972947
-1.5388417685876268	-0.5	-0.43119850192972947
-1.5388417685876268	0.5	-0.43119850192972947
1.5388417685876268	-0.5	-0.43119850192972947
1.5388417685876268	0.5	-0.43119850192972947
1.3090169943749475	-0.42532540417601994	1.2818493102817692
0.8090169943749475	1.1135163644116066	1.2818493102817692
-0.8090169943749475	0.2628655560595668	1.8075804224009027
-0.5	-0.6881909602355868	1.8075804224009027
-1.3090169943749475	-0.42532540417601994	1.2818493102817692
-0.8090169943749475	1.1135163644116066	1.2818493102817692
0.5	-0.6881909602355868	1.8075804224009027
0.8090169943749475	0.2628655560595668	1.8075804224009027
3	26	22	9
3	13	18	22
3	1	16	18
3	11	20	16
3	24	4	20
3	23	19	4
3	10	6	19
3	0	17	6
3	12	21	17
3	25	9	21
3	26	13	22
3	13	1	18
3	1	11	16
3	11	24	20
3	24	23	4
3	23	10	19
3	10	0	6
3	0	12	17
3	12	25	21
3	25	26	9
5	5	7	14	15	8
4	11	1	8	15
4	23	24	15	14
4	0	10	14	7
4	25	12	7	5
4	13	26	5	8
3	8	1	13
3	15	24	11
3	14	10	23
3	7	12	0
3	5	26	25
5	3	29	30	33	34
3	32	29	3
3	31	30	29
3	2	33	30
3	27	34	33
3	28	3	34
3	22	18	28
3	16	20	32
3	4	19	31
3	6	17	2
3	21	9	27
5	18	16	32	3	28
5	20	4	31	29	32
5	19	6	2	30	31
5	17	21	27	33	2
5	9	22	28	34	27