OFF
20	26	0
0.	-0.7071067811865475	0.7071067811865475
0.	0.7071067811865475	0.7071067811865475
0.	-1.3065629648763766	-0.8602955698629718
0.	1.3065629648763766	-0.8602955698629718
-0.7071067811865475	0.	0.7071067811865475
0.7071067811865475	0.	0.7071067811865475
-1.2071067811865475	-0.5	0.
-1.3065629648763766	0.	-0.8602955698629718
1.3065629648763766	0.	-0.8602955698629718
-0.9238795325112867	-0.9238795325112867	-0.8602955698629718
-0.9238795325112867	0.9238795325112868	-0.8602955698629718
0.9238795325112868	-0.9238795325112867	-0.8602955698629718
0.9238795325112868	0.9238795325112868	-0.8602955698629718
-0.5	-1.2071067811865475	0.
0.5	1.2071067811865475	0.
0.5	-1.2071067811865475	0.
-0.5	1.2071067811865475	0.
1.2071067811865475	-0.5	0.
-1.2071067811865475	0.5	0.
1.2071067811865475	0.5	0.
8	10	3	12	8	11	2	9	7
3	7	9	6
3	9	2	13
3	2	11	15
3	11	8	17
3	8	12	19
3	12	3	14
3	3	10	16
3	10	7	18
3	9	13	6
3	2	15	13
3	11	17	15
3	8	19	17
3	12	14	19
3	3	16	14
3	10	18	16
3	7	6	18
4	1	4	0	5
4	4	1	16	18
4	0	4	6	13
4	5	0	15	17
4	1	5	19	14
3	14	16	1
3	18	6	4
3	13	15	0
3	17	19	5