OFF
30	37	0
0.	-1.618033988749895	0.
0.	1.618033988749895	0.
-1.618033988749895	0.	-0.8623970038594589
1.618033988749895	0.	-0.8623970038594589
-0.9510565162951535	-1.3090169943749475	0.
-0.9510565162951535	1.3090169943749475	0.
0.9510565162951535	-1.3090169943749475	0.
0.9510565162951535	1.3090169943749475	0.
-0.5	-1.5388417685876268	-0.8623970038594589
-0.5	1.5388417685876268	-0.8623970038594589
0.5	-1.5388417685876268	-0.8623970038594589
0.5	1.5388417685876268	-0.8623970038594589
-1.3090169943749475	-0.9510565162951535	-0.8623970038594589
-1.3090169943749475	0.9510565162951535	-0.8623970038594589
1.3090169943749475	-0.9510565162951535	-0.8623970038594589
1.3090169943749475	0.9510565162951535	-0.8623970038594589
-1.5388417685876268	-0.5	0.
-1.5388417685876268	0.5	0.
1.5388417685876268	-0.5	0.
1.5388417685876268	0.5	0.
1.3763819204711736	0.	0.8506508083520399
0.42532540417601994	-1.3090169943749475	0.8506508083520399
0.42532540417601994	1.3090169943749475	0.8506508083520399
-1.1135163644116068	-0.8090169943749475	0.8506508083520399
-1.1135163644116068	0.8090169943749475	0.8506508083520399
-0.85065080835204	0.	1.3763819204711736
-0.2628655560595668	-0.8090169943749475	1.3763819204711736
-0.2628655560595668	0.8090169943749475	1.3763819204711736
0.6881909602355867	-0.5	1.3763819204711736
0.6881909602355867	0.5	1.3763819204711736
10	13	9	11	15	3	14	10	8	12	2
3	2	12	16
3	12	8	4
3	8	10	0
3	10	14	6
3	14	3	18
3	3	15	19
3	15	11	7
3	11	9	1
3	9	13	5
3	13	2	17
3	12	4	16
3	8	0	4
3	10	6	0
3	14	18	6
3	3	19	18
3	15	7	19
3	11	1	7
3	9	5	1
3	13	17	5
3	2	16	17
5	27	25	26	28	29
3	24	25	27
3	23	26	25
3	21	28	26
3	20	29	28
3	22	27	29
3	7	1	22
3	5	17	24
3	16	4	23
3	0	6	21
3	18	19	20
5	1	5	24	27	22
5	17	16	23	25	24
5	4	0	21	26	23
5	6	18	20	28	21
5	19	7	22	29	20