OFF
25	32	0
0.	-1.618033988749895	0.
0.	1.618033988749895	0.
-1.618033988749895	0.	-0.8623970038594589
0.8506508083520399	0.	0.5257311121191336
0.2628655560595668	-0.8090169943749475	0.5257311121191336
0.2628655560595668	0.8090169943749475	0.5257311121191336
1.618033988749895	0.	-0.8623970038594589
-0.9510565162951535	-1.3090169943749475	0.
-0.9510565162951535	1.3090169943749475	0.
0.9510565162951535	-1.3090169943749475	0.
0.9510565162951535	1.3090169943749475	0.
-0.6881909602355868	-0.5	0.5257311121191336
-0.6881909602355868	0.5	0.5257311121191336
-0.5	-1.5388417685876268	-0.8623970038594589
-0.5	1.5388417685876268	-0.8623970038594589
0.5	-1.5388417685876268	-0.8623970038594589
0.5	1.5388417685876268	-0.8623970038594589
-1.3090169943749475	-0.9510565162951535	-0.8623970038594589
-1.3090169943749475	0.9510565162951535	-0.8623970038594589
1.3090169943749475	-0.9510565162951535	-0.8623970038594589
1.3090169943749475	0.9510565162951535	-0.8623970038594589
-1.5388417685876268	-0.5	0.
-1.5388417685876268	0.5	0.
1.5388417685876268	-0.5	0.
1.5388417685876268	0.5	0.
10	18	14	16	20	6	19	15	13	17	2
3	2	17	21
3	17	13	7
3	13	15	0
3	15	19	9
3	19	6	23
3	6	20	24
3	20	16	10
3	16	14	1
3	14	18	8
3	18	2	22
3	17	7	21
3	13	0	7
3	15	9	0
3	19	23	9
3	6	24	23
3	20	10	24
3	16	1	10
3	14	8	1
3	18	22	8
3	2	21	22
5	5	12	11	4	3
4	12	5	1	8
4	11	12	22	21
4	4	11	7	0
4	3	4	9	23
4	5	3	24	10
3	10	1	5
3	8	22	12
3	21	7	11
3	0	9	4
3	23	24	3