OFF
18	26	0
-1.	0.	0.42779983858367604
-0.5	-0.8660254037844386	0.42779983858367604
-0.5	0.8660254037844386	0.42779983858367604
-0.5	-0.2886751345948129	1.2442964195114021
0.	-1.	-0.42779983858367604
0.	1.	-0.42779983858367604
0.	0.5773502691896258	1.2442964195114021
0.5	-0.2886751345948129	1.2442964195114021
0.5	-0.8660254037844386	0.42779983858367604
0.5	0.8660254037844386	0.42779983858367604
1.	0.	0.42779983858367604
-0.5773502691896258	0.	-1.2442964195114021
0.2886751345948129	-0.5	-1.2442964195114021
0.2886751345948129	0.5	-1.2442964195114021
-0.8660254037844386	-0.5	-0.42779983858367604
-0.8660254037844386	0.5	-0.42779983858367604
0.8660254037844386	-0.5	-0.42779983858367604
0.8660254037844386	0.5	-0.42779983858367604
3	17	9	10
3	5	2	9
3	15	0	2
3	14	1	0
3	4	8	1
3	16	10	8
3	17	5	9
3	5	15	2
3	15	14	0
3	14	4	1
3	4	16	8
3	16	17	10
3	6	3	7
4	3	6	2	0
4	7	3	1	8
4	6	7	10	9
3	9	2	6
3	0	1	3
3	8	10	7
3	11	13	12
4	17	16	12	13
4	15	5	13	11
4	4	14	11	12
3	12	16	4
3	13	5	17
3	11	14	15