OFF
15	20	0
-1.	0.	-0.8555996771673521
-0.5	-0.8660254037844386	-0.8555996771673521
-0.5	0.8660254037844386	-0.8555996771673521
0.	-1.	0.
0.	1.	0.
0.5	-0.8660254037844386	-0.8555996771673521
0.5	0.8660254037844386	-0.8555996771673521
1.	0.	-0.8555996771673521
-0.2886751345948129	-0.5	0.816496580927726
-0.2886751345948129	0.5	0.816496580927726
0.5773502691896258	0.	0.816496580927726
-0.8660254037844386	-0.5	0.
-0.8660254037844386	0.5	0.
0.8660254037844386	-0.5	0.
0.8660254037844386	0.5	0.
6	2	6	7	5	1	0
3	0	1	11
3	1	5	3
3	5	7	13
3	7	6	14
3	6	2	4
3	2	0	12
3	1	3	11
3	5	13	3
3	7	14	13
3	6	4	14
3	2	12	4
3	0	11	12
3	9	8	10
4	8	9	12	11
4	10	8	3	13
4	9	10	14	4
3	4	12	9
3	11	3	8
3	13	14	10