OFF
30	32	0
0.	-1.618033988749895	0.
0.	1.618033988749895	0.
0.2628655560595668	-0.8090169943749475	-1.3763819204711736
0.2628655560595668	0.8090169943749475	-1.3763819204711736
0.42532540417601994	-1.3090169943749475	0.85065080835204
0.42532540417601994	1.3090169943749475	0.85065080835204
0.6881909602355868	-0.5	1.3763819204711736
0.6881909602355868	0.5	1.3763819204711736
1.1135163644116066	-0.8090169943749475	-0.85065080835204
1.1135163644116066	0.8090169943749475	-0.85065080835204
-1.3763819204711736	0.	-0.85065080835204
-0.6881909602355868	-0.5	-1.3763819204711736
-0.6881909602355868	0.5	-1.3763819204711736
1.3763819204711736	0.	0.85065080835204
0.9510565162951535	-1.3090169943749475	0.
0.9510565162951535	1.3090169943749475	0.
0.85065080835204	0.	-1.3763819204711736
-0.9510565162951535	-1.3090169943749475	0.
-0.9510565162951535	1.3090169943749475	0.
-1.5388417685876268	-0.5	0.
-1.5388417685876268	0.5	0.
1.5388417685876268	-0.5	0.
1.5388417685876268	0.5	0.
-0.85065080835204	0.	1.3763819204711736
-1.1135163644116068	-0.8090169943749475	0.85065080835204
-1.1135163644116068	0.8090169943749475	0.85065080835204
-0.42532540417601994	-1.3090169943749475	-0.85065080835204
-0.42532540417601994	1.3090169943749475	-0.85065080835204
-0.2628655560595668	-0.8090169943749475	1.3763819204711736
-0.2628655560595668	0.8090169943749475	1.3763819204711736
5	29	23	28	6	7
3	25	23	29
3	24	28	23
3	4	6	28
3	13	7	6
3	5	29	7
3	15	1	5
3	18	20	25
3	19	17	24
3	0	14	4
3	21	22	13
5	1	18	25	29	5
5	20	19	24	23	25
5	17	0	4	28	24
5	14	21	13	6	4
5	22	15	5	7	13
5	11	12	3	16	2
3	2	16	8
3	16	3	9
3	3	12	27
3	12	11	10
3	11	2	26
3	26	0	17
3	8	21	14
3	9	15	22
3	27	18	1
3	10	19	20
5	26	2	8	14	0
5	8	16	9	22	21
5	9	3	27	1	15
5	27	12	10	20	18
5	10	11	26	17	19