OFF
14	14	0
-1.	0.	-0.5
-1.	0.	0.5
-0.5	-0.8660254037844386	-0.5
-0.5	-0.8660254037844386	0.5
-0.5	0.8660254037844386	-0.5
-0.5	0.8660254037844386	0.5
0.5	-0.8660254037844386	-0.5
0.5	-0.8660254037844386	0.5
0.5	0.8660254037844386	-0.5
0.5	0.8660254037844386	0.5
1.	0.	-0.5
1.	0.	0.5
-1.3623724356957945	0.786566092485493	0.
1.3623724356957945	0.786566092485493	0.
6	6	2	0	4	8	10
6	11	9	5	1	3	7
4	8	4	5	9
4	0	2	3	1
4	2	6	7	3
4	6	10	11	7
3	13	10	8
3	13	8	9
3	13	9	11
3	13	11	10
3	12	4	0
3	12	0	1
3	12	1	5
3	12	5	4