OFF
50	42	0
-2.0860784678746347	-0.3437266869931204	0.3929919008895866
-1.9940356786667488	-0.4482893094698213	-0.5972579579519219
-1.992679507631399	0.6472669298585915	0.29703208854793056
-1.9006367184235127	0.5427043073818897	-0.6932177702935782
-1.809269756195425	-1.2235897698721674	0.006704582271592239
-1.693721965110067	-0.6071955665658387	1.2742640065612996
-1.5647481037647313	1.370865201679809	-0.24452146799292748
-1.5425992729226108	0.9962657881344207	1.1189977686384376
-1.4527508145444763	-0.8809440661626692	-1.3182437812405583
-1.4169132534308564	-1.4870586494448874	0.8879766879433044
-1.3578333504512834	0.22096532773207883	1.7229603088619523
-1.3016281223570219	0.7225172885375925	-1.473510019163418
-1.267984892073156	-1.6562445265650156	-0.71428124101704
-1.1146678690559422	1.7198640599556392	0.5774442120975799
-1.024819410677809	-0.15734579434145252	-1.8597973377814156
-0.96573950769824	1.5506781828355118	-1.0248137168627671
-0.7223113662913749	1.4563951803829207	1.458716317769293
-0.6689762960066616	-1.476431545409314	-1.4945734898868814
-0.6331387348930457	-2.082546128691523	0.7116469792969791
-0.5410959456851585	-2.1871087511682283	-0.27860287954452906
-0.5375454438200489	0.6810947199805794	2.062678857992806
-0.4244546435759684	1.1180234261426654	-1.7457995401514026
-0.24104489213999702	-0.7528332735881019	-2.036127046427739
-0.2374943902748905	2.1153701975607118	0.3051546911095966
-0.14764593189676578	0.23816034326362162	-2.1320868587693993
-0.14545160106700372	2.0108075750840104	-0.685095167731913
0.05791265038133853	-2.007295770012534	-1.058895128414362
0.1548621124896763	1.8519013179879908	1.186426796781311
0.35822636393802165	-2.1662020271085423	0.8126268360988487
0.39583326305526745	1.5781528183911635	-1.4060809910205478
0.4502691531459022	-2.2707646495852467	-0.17762302274265393
0.4538196550110114	0.5974388215635619	2.1636587147946784
0.7503202066910597	-0.8364891720051243	-1.9351471896258654
0.7538707085561689	2.0317142991436956	0.40613454791146886
0.843719166934298	0.1545044448465917	-2.0311070019675257
0.8459134977640566	1.9271516766669938	-0.5841153109300401
0.8817510588776778	1.321037093384774	1.6221051582538228
0.9350861291623853	-1.6117896324074659	-1.331184649402349
1.1785142705692597	-1.7060726348600417	1.1523453852297039
1.1796077815930812	0.9826653391445191	-1.5824106996668776
1.2375941735488243	0.001951342316925439	1.9873290061483484
1.327442631926956	-1.8752585119801735	-0.4499125437306411
1.4807596549441695	1.500850074540481	0.8418129093839744
1.5144028852280358	-0.8779117405621194	1.6010416875303548
1.6296880163018703	1.3316641974203516	-0.7604450195763699
1.6655255774154933	0.7255496141381431	1.4457754496074855
1.777522866635746	-1.5262596537043418	0.37205313635986564
2.0220445190664385	1.0681953178476333	0.12082708609533546
2.1134114812945275	-0.6980987594064195	0.8207494386605081
2.206810441537764	0.29289485744529337	0.7247896263188472
4	44	39	29	35
3	35	29	25
4	29	21	15	25
5	39	34	24	21	29
3	21	11	15
4	15	11	3	6
4	24	14	11	21
3	24	22	14
4	22	17	8	14
5	14	8	1	3	11
3	17	12	8
4	8	12	4	1
4	35	25	23	33
3	33	23	27
4	23	13	16	27
5	25	15	6	13	23
3	13	7	16
4	16	7	10	20
4	6	2	7	13
3	6	3	2
4	3	1	0	2
5	2	0	5	10	7
3	1	4	0
4	0	4	9	5
4	33	27	36	42
3	42	36	45
4	36	31	40	45
5	27	16	20	31	36
10	38	43	40	31	20	10	5	9	18	28
4	42	45	49	47
10	47	49	48	46	41	37	32	34	39	44
5	45	40	43	48	49
4	43	38	46	48
5	38	28	30	41	46
4	28	18	19	30
4	34	32	22	24
4	41	30	26	37
5	37	26	17	22	32
3	30	19	26
4	26	19	12	17
5	44	35	33	42	47
5	19	18	9	4	12