OFF
60	62	0
-2.1571324327317396	-0.11470481229472682	0.5654118030497493
-2.1264149152248737	0.6802890949978341	-0.040427384759960355
-2.10096334300349	-0.7212451729757291	-0.2276542876539607
-2.070245825496625	0.07374873431683185	-0.8334934754636685
-1.8455157954718133	-1.058150869770507	0.678569250954079
-1.765096290588828	1.0231702003704872	-0.9075383344483667
-1.7130921009758155	0.13516422658041308	1.4258731021130495
-1.6633901135997007	1.421491389428843	0.44560470452030976
-1.566039514950117	-1.4527790532310703	-0.6504008786742645
-1.5163375275739879	-0.16645189038262628	-1.6306692762670052
-1.4079425660680245	1.0845856926340596	1.3518282431283495
-1.40147546371589	-0.8082818308953691	1.539030550017382
-1.310591967418439	-1.7896847500258501	0.2558226599337743
-1.3020714889636336	1.7643724948015067	-0.4215062451681002
-1.2111879926661826	0.782969575671029	-1.7047141352517061
-1.2047208903140623	-1.1098979478584101	-1.5175118283626718
-0.9384506620907024	-0.06707953646434603	2.0250626392976536
-0.8872932032342492	1.8263530825782834	0.9290926517758595
-0.7566836694958031	-2.0298853747253083	-0.5413531408695615
-0.6762641646128073	0.05143569541569129	-2.127460726272011
-0.6333011271828971	0.8823419295893092	1.9510177803129503
-0.592119618261577	-1.3853881523896088	1.6480782878220859
-0.5359505285333276	-1.9919285130706093	0.8550121971183768
-0.5259745785981936	2.169234187950947	0.061981702087450435
-0.4619981260024521	1.982260080599826	-0.9182976951731041
-0.4058290362742009	1.3757197199188256	-1.7113637858768114
-0.3953650448597476	-1.6870042693526481	-1.4084640905579688
-0.3646475273528808	-0.8920103620600891	-2.0143032783676795
-0.12909481663638783	-0.6441858579585859	2.1341103771023575
-0.11265176434913443	1.6241093195335208	1.528282188960462
0.017957769389309878	-2.2321291377700674	0.05783639631504009
0.1290947917791752	0.6441858396634877	-2.1341103768971164
0.36464750249566286	0.8920103437649839	2.0143032785729136
0.40582901141698474	-1.3757197382139288	1.711363786082053
0.46199810114523504	-1.9822600988949293	0.9182976953783448
0.47197405108036766	2.178902602126627	0.12526720034741753
0.5359506006767795	1.9919286147700697	-0.8550122818154267
0.5921196533540715	1.3853882082552258	-1.6480783400893453
0.6025835848188142	-1.6773358551769681	-1.3451785922980035
0.6333011023256819	-0.8823419478844091	-1.9510177801077122
0.6762641397555916	-0.05143571371078934	2.127460726477248
0.7274215986120439	1.8419969053318472	1.03149073895546
0.8580311323504927	-2.0142415519717463	-0.4389550536899629
0.9384506372334885	0.06707951816925864	-2.0250626390924116
1.2047208654568429	1.109897929563307	1.5175118285679117
1.2111879678089663	-0.7829695939661271	1.7047141354569468
1.3020714641064155	-1.7643725130966081	0.42150624537334
1.3105920025109332	1.789684805891469	-0.2558227122010337
1.4014754388586763	0.8082818126002763	-1.5390305498121395
1.470056393851096	-1.3974350671283946	-0.9339043839656089
1.5007739113579632	-0.6024411598358373	-1.5397435717753185
1.5163375919013953	0.16645190769078902	1.63066932771338
1.566039490092898	1.4527790349359706	0.6504008788795079
1.765096265731603	-1.0231702186655833	0.9075383346536119
1.8455157706145984	1.0581508514754092	-0.6785692507488357
1.9140967256070185	-1.1475660282532583	-0.07344308490230692
1.9637987129831485	0.13876113459518394	-1.0537114824950466
2.0702459449431627	-0.07374869500464029	0.8334935585788121
2.1009634073309003	0.7212451902838882	0.2276543391003398
2.219246260514826	-0.19814456219959417	-0.14748794388700606
4	19	14	25	31
3	31	25	37
4	25	24	36	37
5	14	5	13	24	25
3	13	23	24
4	24	23	35	36
4	7	17	23	13
3	7	10	17
4	10	20	29	17
5	17	29	41	35	23
3	20	32	29
4	29	32	44	41
4	31	37	48	43
3	48	54	56
4	54	58	59	56
5	37	36	47	54	48
3	58	57	59
4	59	57	53	55
4	47	52	58	54
3	36	35	47
4	35	41	52	47
5	52	44	51	57	58
3	41	44	52
4	44	32	40	51
4	48	56	50	43
3	43	50	39
4	50	49	38	39
5	56	59	55	49	50
3	49	42	38
4	42	46	34	30
4	55	46	42	49
3	55	53	46
4	57	51	45	53
5	53	45	33	34	46
3	51	40	45
4	45	40	28	33
4	39	38	26	27
3	27	26	15
4	26	18	8	15
5	38	42	30	18	26
3	18	12	8
4	8	12	4	2
4	30	22	12	18
3	30	34	22
4	34	33	21	22
5	22	21	11	4	12
3	33	28	21
4	21	28	16	11
4	27	15	9	19
3	19	9	14
4	9	3	5	14
5	15	8	2	3	9
3	3	1	5
4	5	1	7	13
4	2	0	1	3
3	2	4	0
4	4	11	6	0
5	0	6	10	7	1
3	11	16	6
4	6	16	20	10
5	19	31	43	39	27
5	16	28	40	32	20