OFF
55	52	0
-2.156676913587185	0.4950611418681942	-0.25186538442495765
-2.1188477068835403	-0.3553299481346129	-0.7766548137811662
-2.1071127026654106	-0.02786105807974165	0.5990727812470937
-2.0692834959617668	-0.8782521480825514	0.07428335189088255
-1.8694448662392422	0.5109036691774982	-1.2095953909010881
-1.7396840774204692	-0.8581244237580705	1.018189649152831
-1.703570429612164	1.3737343769290247	-0.10143978764193261
-1.6233738517151677	0.5276284839413927	1.2754070867399308
-1.6045322806945728	-0.8526184004283994	-1.4753563506331528
-1.5243357027975728	-1.6987242934160305	-0.09850947625128147
-1.4163383822642195	1.389576904238333	-1.0591697941180604
-1.3739710110708714	1.3938621012535055	0.8424665096200097
-1.3551294400502805	0.013615216883715978	-1.9082969277530704
-1.2559452264702253	-0.3026348817369318	1.6945239546456707
-1.237103655449629	-1.6828817661067221	-1.0562394827274146
-1.1947362842562805	-1.6785965690915452	0.8453968210106599
-0.9325995313139716	1.94506644625947	-0.38283548862522077
-0.8028387424952051	0.5760383533239004	1.8449495514286913
-0.6804208580673147	-2.175885021385324	0.14669528415867594
-0.6219877484557305	1.435338376216973	-1.6649031993801464
-0.6030001127726797	1.9651941705839509	0.5610708086367207
-0.5841585417520884	0.584947286214164	-2.1896926287363576
-0.553435901850908	1.4422719706360123	1.4120089743087711
-0.41203038173996454	-0.7797956097062295	1.9397287150556317
-0.39318881071937184	-2.1600424940760172	-0.811034722317451
-0.3742011750363158	-1.6301866997090348	1.4149392856994232
-0.1382488975054853	1.990827918238109	-0.9885688938873076
0.04107610223505996	0.0988776253546026	2.0901543118386567
0.14011425115264864	-2.1274751520028152	0.716237748847441
0.3760665286834798	1.4935394659443304	-1.6872704307392907
0.39505416436653273	2.0233952603113075	0.5387035772775799
0.41389573538712654	0.6431483759415233	-2.2120598600954984
0.44461837528830783	1.5004730603633707	1.3896417429496313
0.4712440789125437	-1.1994961456794808	1.7307366404145355
0.6048654664198422	-2.101841404348659	-0.8334019536765909
0.682286211714476	2.039237787620616	-0.41902642919854705
0.81204700053325	0.6702096946850471	1.8087586108553695
0.9243505628875673	-0.3208229106186505	1.8811622371975605
0.9344648849611378	-2.0817136800241753	0.1105043435853559
0.9855595051015101	-1.6967845979732603	1.032035103562555
1.1966016379034419	1.5419493353268345	-1.1177279660505302
1.2389690090967949	1.5462345323420106	0.7839083376875453
1.2578105801173876	0.1659876479722237	-1.9668550996855365
1.375836364718031	-1.5305093350182135	-1.1147976546598781
1.5262010564447395	1.5620770596513163	-0.17382166878858252
1.6063976343417394	0.7159711666636861	1.2030252055932826
1.62523920536233	-0.6642757177061016	-1.5477382317797974
1.705435783259329	-1.5103816106937291	-0.17089135739793138
1.7187011966960566	-0.2750614386400097	1.2754288319354754
1.7415494310676345	0.7214771899933607	-1.290520794192695
1.7565304033997025	-1.125452528642814	0.7506394025792669
2.0711488496089308	0.7416049143178434	-0.3466144969307483
2.1089780563125755	-0.1087861756849629	-0.8714039262869577
2.1207130605307047	0.21868271436990655	0.5043236687413013
2.15854226723435	-0.6317083756328987	-0.020465760614906334
4	31	21	19	29
3	29	19	26
4	19	10	16	26
5	21	12	4	10	19
3	10	6	16
4	16	6	11	20
4	4	0	6	10
3	4	1	0
4	1	3	2	0
5	0	2	7	11	6
3	3	5	2
4	2	5	13	7
4	29	26	35	40
3	40	35	44
4	35	30	41	44
5	26	16	20	30	35
3	30	32	41
4	41	32	36	45
4	20	22	32	30
3	20	11	22
4	11	7	17	22
5	22	17	27	36	32
3	7	13	17
4	17	13	23	27
4	40	44	51	49
3	49	51	52
4	51	53	54	52
5	44	41	45	53	51
3	45	48	53
4	53	48	50	54
4	36	37	48	45
3	36	27	37
4	27	23	33	37
5	37	33	39	50	48
3	23	25	33
4	33	25	28	39
4	49	52	46	42
10	42	46	43	34	24	14	8	12	21	31
5	52	54	47	43	46
4	47	38	34	43
3	54	50	47
4	50	39	38	47
5	38	28	18	24	34
3	39	28	38
4	28	25	15	18
4	12	8	1	4
4	24	18	9	14
5	14	9	3	1	8
3	18	15	9
4	9	15	5	3
5	31	29	40	49	42
5	15	25	23	13	5