OFF
70	52	0
-2.9576077063696586	0.2465406456061364	-0.09696299860778625
-2.8151177953153206	0.3161646244004904	0.8903814837409882
-2.810897435844865	-0.3359553218606163	-0.8964469224033209
-2.7284825300367967	1.1288546990207415	0.31416175705345495
-2.437854005650659	-0.1536773789449765	1.6884544909904307
-2.4310253205827226	-1.2088296167372128	-1.2026946022148763
-2.3443900553041996	-0.3961395421169721	-1.778914328902399
-2.211039936527115	1.973972858730525	0.17989166153429537
-1.969918282302976	-0.983521688494649	1.9924192598750956
-1.9630895972350406	-2.0386739262868843	-0.8987298333302149
-1.8591290854169262	-1.722999175240038	-1.8418849974119453
-1.7724938201383869	-0.9103091006198026	-2.418104724099468
-1.74079310597011	-0.10120763508003675	2.4035440155363403
-1.7362755281114963	0.08897631138860915	-2.4072926627863396
-1.602925409334416	2.4590887122360994	-0.4484866723496417
-1.5900461670408226	-1.8563959833712376	1.6861715800635508
-1.585825807570361	-2.508515929632349	-0.10065682608076189
-1.4604354982800698	2.5287126910304605	0.5388578099991257
-1.4433358965160237	-2.4388919508379874	0.886687656268009
-1.218832934601812	0.9340944710983908	-2.5415627583055063
-1.1364180287937413	2.398904491979755	-1.3309540788487233
-1.1193184270296903	-2.568700149888716	-0.9831242325798542
-1.015357915211545	-2.253025398841893	-1.9262793966615703
-0.9901886677230679	0.4535321972198959	2.7625101640011813
-0.989707758268947	1.8164085245129995	-2.1304380026442686
-0.8751791113665631	-0.9380652357865819	-2.8586224994301794
-0.8389608193396633	0.061220176221798844	-2.8478104381170546
-0.7633745985995201	2.581182434895395	1.2539473345450354
-0.7462749968354742	-2.38642220697305	1.6017771808139152
-0.4727460742133812	1.2986503569296792	2.6282400684820253
-0.4072433880188614	-1.7679095453362768	-2.554657730545511
-0.38611080893485494	2.1113404315499253	2.052020341794485
-0.23910332002190163	2.371148356812942	-1.7714718541794348
-0.22200371825784818	-2.5964562850555133	-1.4236420079105159
-0.004810350865702158	0.4688060473800103	2.932204837366694
0.004810350865689798	-0.46880604738003007	-2.932204837366694
0.2220037182578475	2.5964562850555013	1.4236420079105478
0.2391033200218918	-2.371148356812937	1.7714718541794312
0.38611080893483596	-2.111340431549929	-2.052020341794446
0.407243388018853	1.7679095453362745	2.5546577305455216
0.4727460742133726	-1.2986503569297063	-2.628240068481997
0.7462749968354688	2.3864222069730485	-1.6017771808139294
0.7633745985995276	-2.5811824348953576	-1.2539473345450034
0.8389608193396477	-0.061220176221802675	2.8478104381170617
0.8751791113665386	0.9380652357866074	2.858622499430183
0.9897077582689361	-1.8164085245130035	2.130438002644272
0.9901886677230402	-0.4535321972198828	-2.762510164001185
1.0153579152115546	2.2530253988418534	1.9262793966615845
1.119318427029689	2.56870014988869	0.9831242325798435
1.136418028793733	-2.398904491979745	1.3309540788487233
1.2188329346018005	-0.9340944710983919	2.5415627583055134
1.4433358965160212	2.438891950837981	-0.8866876562680268
1.4604354982800885	-2.528712691030443	-0.538857809999115
1.585825807570363	2.5085159296323476	0.1006568260807512
1.5900461670408133	1.8563959833712345	-1.6861715800635722
1.6029254093344147	-2.459088712236082	0.4484866723496488
1.7362755281114868	-0.08897631138861031	2.407292662786361
1.7407931059701027	0.10120763508001426	-2.403544015536365
1.772493820138373	0.910309100619798	2.4181047240994857
1.859129085416901	1.7229991752400446	1.8418849974119524
1.963089597235034	2.03867392628688	0.8987298333302078
1.9699182823029637	0.9835216884946426	-1.9924192598751205
2.2110399365271403	-1.9739728587304952	-0.1798916615342918
2.3443900553041903	0.39613954211696567	1.7789143289024274
2.431025320582718	1.2088296167372115	1.2026946022148834
2.4378540056506623	0.15367737894498154	-1.6884544909904768
2.728482530036848	-1.128854699020733	-0.31416175705346916
2.8108974358448733	0.3359553218606214	0.8964469224033351
2.815117795315358	-0.3161646244004933	-0.8903814837410309
2.957607706369703	-0.24654064560613134	0.09696299860776135
10	15	28	37	45	50	43	34	23	12	8
3	4	8	12
10	5	9	16	18	15	8	4	1	0	2
3	3	0	1
3	18	28	15
10	42	52	55	49	37	28	18	16	21	33
3	9	21	16
3	49	45	37
10	69	67	63	56	50	45	49	55	62	66
3	52	62	55
3	56	43	50
10	67	69	68	65	61	54	51	53	60	64
3	64	63	67
3	29	23	34
10	7	3	1	4	12	23	29	31	27	17
3	36	27	31
10	24	32	41	54	61	57	46	35	26	19
3	13	19	26
10	3	7	14	20	24	19	13	6	2	0
3	5	2	6
3	20	32	24
10	36	48	53	51	41	32	20	14	17	27
3	7	17	14
3	51	54	41
3	60	53	48
3	65	57	61
10	52	42	38	40	46	57	65	68	66	62
3	69	66	68
3	40	35	46
3	33	38	42
5	25	30	22	10	11
4	30	25	35	40
3	30	40	38
4	22	30	38	33
3	22	33	21
4	10	22	21	9
3	10	9	5
4	11	10	5	6
3	13	11	6
4	25	11	13	26
3	25	26	35
5	44	58	59	47	39
4	58	44	43	56
3	58	56	63
4	59	58	63	64
3	59	64	60
4	47	59	60	48
3	47	48	36
4	39	47	36	31
3	29	39	31
4	44	39	29	34
3	44	34	43