OFF
22	20	0
0.	0.	1.4012585384440734
0.	0.	-1.4012585384440737
0.17841104488654494	-1.3090169943749475	0.46708617948135783
0.17841104488654494	1.3090169943749475	0.46708617948135783
0.46708617948135783	-0.8090169943749475	-1.0444364486709836
0.46708617948135783	0.8090169943749475	-1.0444364486709836
1.0444364486709836	-0.8090169943749475	0.46708617948135783
1.0444364486709836	0.8090169943749475	0.46708617948135783
-1.2228474935575286	-0.5	0.46708617948135783
-1.2228474935575286	0.5	0.46708617948135783
1.2228474935575286	-0.5	-0.4670861794813579
1.2228474935575286	0.5	-0.4670861794813579
-0.9341723589627157	0.	-1.0444364486709836
-0.4670861794813579	-0.8090169943749475	1.0444364486709836
-0.4670861794813579	0.8090169943749475	1.0444364486709836
0.9341723589627158	0.	1.0444364486709836
-1.0444364486709836	-0.8090169943749475	-0.4670861794813579
-1.0444364486709836	0.8090169943749475	-0.4670861794813579
0.9951248486580193	0.	-1.3026353384181446
-0.9951248486580194	0.	1.3026353384181448
-0.17841104488654494	-1.3090169943749475	-0.4670861794813579
-0.17841104488654494	1.3090169943749475	-0.4670861794813579
5	4	10	6	2	20
5	10	11	7	15	6
5	11	5	21	3	7
5	5	1	12	17	21
5	1	4	20	16	12
5	3	21	17	9	14
5	17	12	16	8	9
5	16	20	2	13	8
5	2	6	15	0	13
5	15	7	3	14	0
3	19	14	9
3	19	9	8
3	19	8	13
3	19	13	0
3	19	0	14
3	18	1	5
3	18	5	11
3	18	11	10
3	18	10	4
3	18	4	1