OFF
55	52	0
-2.1577383493104554	-0.37452953611169176	-0.40468690076857544
-2.0596569945108376	0.6205229309697998	-0.4205183756117424
-2.012330583452828	-0.6844669374750366	0.5348850171091513
-1.8536316177244085	0.9255617748522523	0.5092691527208701
-1.824382287125009	0.11903368117909004	1.0997409223893466
-1.800803502410611	-0.4245531069547099	-1.3374758144187668
-1.7715541718112142	-1.2310812006278704	-0.7470040447502913
-1.7027221476109906	0.5704993601267857	-1.3533072892619311
-1.6261464059535848	-1.5410186019912162	0.19256787312743534
-1.5147738512831728	1.3739999787809125	-0.7884513839817375
-1.4201210291671549	-1.2359797581087655	1.1223554014600505
-1.3087484744967428	1.679038822663366	0.14133614435087488
-1.3058583892998339	0.9379266047186819	1.3458046278823728
-1.2321727328393353	-0.4324791394546365	1.6872113067402486
-1.0778630224997965	-0.8154303461806903	-1.907188063156138
-1.0486136919003952	-1.6219584398538585	-1.3167162934876615
-0.9191640567713685	0.7945983661466008	-1.9328039275444129
-0.8133389845145641	-2.1234476896445686	0.20354300451342383
-0.7609752460721683	1.6914036525297915	0.9778716195123784
-0.7312157604435515	1.598098984800727	-1.367948022264222
-0.7136488350141593	0.3864137840849558	1.9332750122332747
-0.6073136077281412	-1.8184088457621161	1.1333305328460355
-0.5329798792721255	-0.06195329836958001	-2.27512107152613
-0.4564041376147268	-2.1734712604875828	-0.7292459091367649
-0.3978596982581096	2.0916622020915066	0.13647980089369732
-0.3032068761420926	-0.5183175347981707	2.0472865863354888
-0.04092485135826436	2.0416386312484907	-0.7963091127564914
-0.008275280532730701	1.2072217455747447	-1.9376602710015904
0.08297730135715524	-1.3748691993143503	1.704969442353774
0.11562687218268046	-2.209286084988097	0.5636182841086679
0.16799061062508164	1.6055652571862606	1.3379468991076233
0.19723994122448113	0.7990371635130985	1.928418668776099
0.3779088969665078	0.35067008105856706	-2.2799774149833056
0.4725617190825257	-2.259309655831113	-0.36917062954152186
0.5311061584391398	2.0058238067479754	0.4965550804889413
0.6076819000965491	-0.10569415537002629	2.042430242878313
0.682015628552555	1.6507613920225082	-1.3660213614938599
0.8059177812679751	-1.765746438540333	1.135257193616401
0.8880410053389877	1.9558002359049593	-0.43623383316124836
0.9938660775957956	-0.9622458198862079	1.7001130988965982
1.123315712724819	1.454310986114247	1.0840254648398406
1.1525650433242158	0.6477828924410841	1.6744972345083171
1.306874753663759	0.2648316857150342	-1.919902135388064
1.3834504953211662	-1.846686276402969	-0.3740269729986941
1.4948230499915778	1.0683323043691595	-1.3550462301078687
1.5894758721075966	-1.5416474325205174	0.5557605553339175
1.7008484267780082	1.3733711482516107	-0.42525870177525543
1.7774241684354175	-0.7381468138663915	1.120616460614112
1.8462561926356371	1.0634337468882649	0.5143132161024713
1.8755055232350366	0.25690565321509956	1.1047849857709469
1.8990843079494328	-0.2866811349186968	-1.3324317510371622
1.9283336385488323	-1.0932092285918582	-0.7419599813686892
2.087032604277253	0.51681948373543	-0.7675758457569677
2.1343590153352627	-0.7881703847094065	0.18782754696392318
2.2324403701348823	0.206882082372085	0.17199607212075713
4	32	22	16	27
3	27	16	19
4	16	7	9	19
5	22	14	5	7	16
3	7	1	9
4	9	1	3	11
4	5	0	1	7
3	5	6	0
4	6	8	2	0
5	0	2	4	3	1
3	8	10	2
4	2	10	13	4
4	27	19	26	36
3	36	26	38
4	26	24	34	38
5	19	9	11	24	26
3	11	18	24
4	24	18	30	34
4	3	12	18	11
3	3	4	12
4	4	13	20	12
5	12	20	31	30	18
3	13	25	20
4	20	25	35	31
4	36	38	46	44
3	44	46	52
4	46	48	54	52
5	38	34	40	48	46
3	48	49	54
4	54	49	47	53
4	40	41	49	48
3	34	30	40
4	30	31	41	40
5	41	35	39	47	49
3	31	35	41
4	35	25	28	39
4	44	52	50	42
10	42	50	51	43	33	23	15	14	22	32
5	52	54	53	51	50
4	53	45	43	51
3	53	47	45
4	47	39	37	45
5	45	37	29	33	43
3	39	28	37
4	37	28	21	29
4	14	15	6	5
4	33	29	17	23
5	23	17	8	6	15
3	29	21	17
4	17	21	10	8
5	32	27	36	44	42
5	21	28	25	13	10