OFF
50	42	0
-2.1914949834822437	-0.35148377028771527	-0.24469751550898797
-2.103780569860941	-0.1558341966514426	0.732045759860246
-2.0442880949942213	0.5016545257245012	-0.7451824601966975
-1.9023631924516864	0.8182221857524171	0.8352213576336275
-1.8655948209092053	1.2245725634004907	-0.07775589150207647
-1.7958721590044973	-0.8660283504639298	-1.0054382438544174
-1.6486652705164753	-0.012890054451719977	-1.5059231885421225
-1.566232842840658	-0.3538111167997412	1.5517088493451334
-1.447247893107218	0.9611663279521366	-1.4027475907687452
-1.3648154654314046	0.6202452656041123	1.6548844471185133
-1.2685546190221975	1.684084365628127	-0.735321022074127
-1.217608576943383	1.4733835616163284	1.1543995024308091
-1.1808402054008975	1.879733939264401	0.2414222532951106
-1.0680265686529569	-1.502929396279823	-1.2595993235744336
-0.8298408197012268	-0.12252263622789872	-2.0694009749367517
-0.7841767635678829	-0.8697940762239881	1.901208312086201
-0.6284234422919681	0.8515337461759606	-1.966225377163374
-0.4709863667659582	-1.043417594052187	-1.91716445414648
-0.458276600994848	0.7062622574642147	2.068149936093118
-0.3392916512614097	2.0212397022160924	-0.8863065040207637
-0.31106971250682713	1.559400553476429	1.567664991405415
-0.28597048938018066	-2.01891235570407	-0.9100998608333645
-0.2515772376401042	2.21688927585237	0.09043677134847476
-0.09942214805957492	-0.21463270036007465	2.220386456883388
-0.05633117321634316	-1.5066951220398777	1.6470472323661831
0.056331173216339646	1.506695122039878	-1.6470472323661856
0.09942214805956887	0.2146327003600722	-2.2203864568833884
0.251577237640109	-2.2168892758523673	-0.09043677134847801
0.2859704893801771	2.0189123557040696	0.9100998608333689
0.31106971250682514	-1.5594005534764308	-1.5676649914054126
0.33929165126141136	-2.021239702216094	0.8863065040207599
0.45827660099484013	-0.7062622574642167	-2.0681499360931177
0.4709863667659473	1.0434175940521813	1.9171644541464805
0.6284234422919676	-0.8515337461759643	1.9662253771633702
0.784176763567888	0.869794076223991	-1.9012083120861965
0.8298408197012193	0.12252263622789228	2.0694009749367512
1.0680265686529549	1.5029293962798203	1.2595993235744347
1.1808402054009042	-1.8797339392643995	-0.24142225329511122
1.2176085769433815	-1.4733835616163227	-1.1543995024308096
1.2685546190222046	-1.684084365628128	0.7353210220741219
1.3648154654314062	-0.620245265604109	-1.6548844471185076
1.4472478931072212	-0.9611663279521369	1.4027475907687414
1.5662328428406542	0.353811116799745	-1.5517088493451339
1.6486652705164728	0.012890054451719759	1.5059231885421225
1.7958721590044935	0.8660283504639331	1.0054382438544187
1.8655948209092112	-1.2245725634004854	0.07775589150207589
1.902363192451691	-0.8182221857524111	-0.8352213576336199
2.0442880949942266	-0.5016545257244961	0.7451824601966966
2.1037805698609437	0.15583419665144504	-0.7320457598602405
2.191494983482247	0.3514837702877168	0.24469751550899313
4	22	19	10	12
3	12	10	4
4	10	8	2	4
5	19	25	16	8	10
3	8	6	2
4	2	6	5	0
4	16	14	6	8
3	16	26	14
4	26	31	17	14
5	14	17	13	5	6
3	31	29	17
4	17	29	21	13
4	12	4	3	11
3	11	3	9
4	3	1	7	9
5	4	2	0	1	3
10	24	15	7	1	0	5	13	21	27	30
4	11	9	18	20
3	20	18	32
4	18	23	35	32
5	9	7	15	23	18
3	23	33	35
4	35	33	41	43
4	15	24	33	23
5	24	30	39	41	33
4	30	27	37	39
4	20	32	36	28
10	28	36	44	49	48	42	34	25	19	22
5	32	35	43	44	36
4	43	47	49	44
3	43	41	47
4	41	39	45	47
5	47	45	46	48	49
3	39	37	45
4	45	37	38	46
4	25	34	26	16
4	48	46	40	42
5	42	40	31	26	34
3	46	38	40
4	40	38	29	31
5	22	12	11	20	28
5	38	37	27	21	29