OFF
15	12	0
0.	-1.618033988749895	0.
0.	1.618033988749895	0.
0.8506508083520399	0.	0.5257311121191336
0.2628655560595668	-0.8090169943749475	0.5257311121191336
0.2628655560595668	0.8090169943749475	0.5257311121191336
-0.9510565162951535	-1.3090169943749475	0.
-0.9510565162951535	1.3090169943749475	0.
0.9510565162951535	-1.3090169943749475	0.
0.9510565162951535	1.3090169943749475	0.
-0.6881909602355868	-0.5	0.5257311121191336
-0.6881909602355868	0.5	0.5257311121191336
-1.5388417685876268	-0.5	0.
-1.5388417685876268	0.5	0.
1.5388417685876268	-0.5	0.
1.5388417685876268	0.5	0.
5	4	10	9	3	2
10	14	13	7	0	5	11	12	6	1	8
4	10	4	1	6
4	9	10	12	11
4	3	9	5	0
4	2	3	7	13
4	4	2	14	8
3	8	1	4
3	6	12	10
3	11	5	9
3	0	7	3
3	13	14	2