OFF
30	32	0
0.	-1.618033988749895	0.
0.	1.618033988749895	0.
-0.9510565162951535	-1.3090169943749475	0.
-0.9510565162951535	1.3090169943749475	0.
0.9510565162951535	-1.3090169943749475	0.
0.9510565162951535	1.3090169943749475	0.
-1.5388417685876268	-0.5	0.
-1.5388417685876268	0.5	0.
1.5388417685876268	-0.5	0.
1.5388417685876268	0.5	0.
1.3763819204711736	0.	-0.8506508083520399
1.3763819204711736	0.	0.8506508083520399
0.42532540417601994	-1.3090169943749475	-0.8506508083520399
0.42532540417601994	-1.3090169943749475	0.8506508083520399
0.42532540417601994	1.3090169943749475	-0.8506508083520399
0.42532540417601994	1.3090169943749475	0.8506508083520399
-1.1135163644116066	-0.8090169943749475	-0.8506508083520399
-1.1135163644116066	-0.8090169943749475	0.8506508083520399
-1.1135163644116066	0.8090169943749475	-0.8506508083520399
-1.1135163644116066	0.8090169943749475	0.8506508083520399
-0.8506508083520399	0.	-1.3763819204711736
-0.8506508083520399	0.	1.3763819204711736
-0.2628655560595668	-0.8090169943749475	-1.3763819204711736
-0.2628655560595668	-0.8090169943749475	1.3763819204711736
-0.2628655560595668	0.8090169943749475	-1.3763819204711736
-0.2628655560595668	0.8090169943749475	1.3763819204711736
0.6881909602355868	-0.5	-1.3763819204711736
0.6881909602355868	-0.5	1.3763819204711736
0.6881909602355868	0.5	-1.3763819204711736
0.6881909602355868	0.5	1.3763819204711736
5	25	21	23	27	29
3	19	21	25
3	17	23	21
3	13	27	23
3	11	29	27
3	15	25	29
3	5	1	15
3	3	7	19
3	6	2	17
3	0	4	13
3	8	9	11
5	1	3	19	25	15
5	7	6	17	21	19
5	2	0	13	23	17
5	4	8	11	27	13
5	9	5	15	29	11
5	28	26	22	20	24
3	24	20	18
3	20	22	16
3	22	26	12
3	26	28	10
3	28	24	14
3	14	1	5
3	18	7	3
3	16	2	6
3	12	4	0
3	10	9	8
5	14	24	18	3	1
5	18	20	16	6	7
5	16	22	12	0	2
5	12	26	10	8	4
5	10	28	14	5	9