OFF
92	60	0
0.	0.	-3.6322037888637904
0.	0.	3.6322037888637904
-2.4214691925758602	0.	-2.707284860010576
2.4214691925758602	0.	2.707284860010576
-3.740934376726981	0.	-0.7144548911134015
3.740934376726981	0.	0.7144548911134015
-2.312024594500178	0.	3.0264794856135793
2.312024594500178	0.	-3.0264794856135793
-2.9738836353273794	1.2495037884630271	-1.6696289318243818
2.9738836353273794	1.2495037884630271	1.6696289318243818
-3.2033308030956054	-1.6469179406903744	-0.46822796414515255
3.2033308030956054	-1.6469179406903744	0.46822796414515255
-2.891224897457488	-0.6430296059140725	-2.1024357022454705
2.891224897457488	-0.6430296059140725	2.1024357022454705
-3.337075450436258	1.4152654162559821	0.23206810095724179
3.337075450436258	1.4152654162559821	-0.23206810095724179
-3.478881598739421	-0.3748216581145623	0.9745747331000193
3.478881598739421	-0.3748216581145623	-0.9745747331000193
-0.175392626961585	3.597624822551189	0.46822796414515255
0.175392626961585	3.597624822551189	-0.46822796414515255
-2.707284860010576	-2.0970538352520878	-1.2107345962879301
-2.707284860010576	2.0970538352520878	-1.2107345962879301
2.707284860010576	-2.0970538352520878	1.2107345962879301
2.707284860010576	2.0970538352520878	1.2107345962879301
-2.464007691561295	0.9739506306439168	-2.4845503876620354
2.464007691561295	0.9739506306439168	2.4845503876620354
-3.2427217355515103	0.3748216581145623	1.5928492817044948
3.2427217355515103	0.3748216581145623	-1.5928492817044948
-3.0279381761340205	-1.9507068818608146	0.46822796414515255
3.0279381761340205	-1.9507068818608146	-0.46822796414515255
-2.8941935287933678	2.1823594062952067	-0.23206810095724179
2.8941935287933678	2.1823594062952067	0.23206810095724179
-3.1697443244371835	-1.2960505464241128	1.2107345962879301
-3.1697443244371835	1.2960505464241128	1.2107345962879301
3.1697443244371835	-1.2960505464241128	-1.2107345962879301
3.1697443244371835	1.2960505464241128	-1.2107345962879301
-2.5466664294311863	-1.5804248131928715	-2.0517436172409464
2.5466664294311863	-1.5804248131928715	2.0517436172409464
-0.7533680014879535	0.6430296059140725	3.4945463144861186
0.7533680014879535	0.6430296059140725	-3.4945463144861186
-0.44288192164289053	-3.597624822551189	-0.23206810095724179
0.44288192164289053	-3.597624822551189	0.23206810095724179
-0.40483979472981085	-3.2002106703238415	1.6696289318243818
0.40483979472981085	-3.2002106703238415	-1.6696289318243818
-1.1035160340391508	-1.2495037884630271	3.2270570198048127
1.1035160340391508	-1.2495037884630271	-3.2270570198048127
-0.462459464426607	-3.393104381676201	-1.2107345962879301
-0.462459464426607	3.393104381676201	-1.2107345962879301
0.462459464426607	-3.393104381676201	1.2107345962879301
0.462459464426607	3.393104381676201	1.2107345962879301
-0.5303440059143036	1.5804248131928715	3.2270570198048127
0.5303440059143036	1.5804248131928715	-3.2270570198048127
-0.3885378576111407	-2.620868571334291	2.4845503876620354
0.3885378576111407	-2.620868571334291	-2.4845503876620354
-2.6420212517118955	-1.4152654162559821	2.0517436172409464
2.6420212517118955	-1.4152654162559821	-2.0517436172409464
-0.0953548222807093	2.9956902294488534	-2.0517436172409464
0.0953548222807093	2.9956902294488534	2.0517436172409464
-2.064045877185527	-2.8253890122092793	-0.9745747331000193
2.064045877185527	-2.8253890122092793	0.9745747331000193
-2.0754698339501543	1.6469179406903744	2.4845503876620354
2.0754698339501543	1.6469179406903744	-2.4845503876620354
-0.1801959733631064	-0.9739506306439168	3.4945463144861186
0.1801959733631064	-0.9739506306439168	-3.4945463144861186
-0.8887324746216608	2.8253890122092793	2.1024357022454705
0.8887324746216608	2.8253890122092793	-2.1024357022454705
-2.5690438405975686	1.9507068818608146	1.6696289318243818
2.5690438405975686	1.9507068818608146	-1.6696289318243818
-1.2107345962879301	-2.0970538352520878	2.707284860010576
-1.2107345962879301	2.0970538352520878	2.707284860010576
1.2107345962879301	-2.0970538352520878	-2.707284860010576
1.2107345962879301	2.0970538352520878	-2.707284860010576
-1.2967557899599385	-2.9956902294488534	-1.5928492817044948
1.2967557899599385	-2.9956902294488534	1.5928492817044948
-1.9459659455915719	2.620868571334291	-1.5928492817044948
1.9459659455915719	2.620868571334291	1.5928492817044948
-1.4148357215538938	3.2002106703238415	-0.9745747331000193
1.4148357215538938	3.2002106703238415	0.9745747331000193
-1.6338600399534542	-0.33092102472984425	-3.2270570198048127
1.6338600399534542	-0.33092102472984425	3.2270570198048127
-2.002492422835827	-2.1823594062952067	2.1024357022454705
2.002492422835827	-2.1823594062952067	-2.1024357022454705
-0.9335639748510599	0.33092102472984425	-3.4945463144861186
0.9335639748510599	0.33092102472984425	3.4945463144861186
-1.8704671883634905	-3.239744204136071	0.7144548911134015
-1.8704671883634905	3.239744204136071	0.7144548911134015
1.8704671883634905	-3.239744204136071	-0.7144548911134015
1.8704671883634905	3.239744204136071	-0.7144548911134015
-1.156012297250089	-2.0022720330115695	-3.0264794856135793
-1.156012297250089	2.0022720330115695	-3.0264794856135793
1.156012297250089	-2.0022720330115695	3.0264794856135793
1.156012297250089	2.0022720330115695	3.0264794856135793
5	28	32	16	4	10
5	11	29	34	17	5
5	60	66	33	26	6
5	7	61	67	35	27
5	33	14	4	16	26
5	17	27	35	15	5
5	74	21	30	85	76
5	31	87	77	75	23
5	6	26	16	32	54
5	34	55	7	27	17
5	89	74	76	47	56
5	75	77	49	57	91
5	64	85	66	60	69
5	61	71	65	87	67
5	8	4	14	30	21
5	5	15	31	23	9
5	44	6	54	80	68
5	81	70	45	7	55
5	28	10	20	58	84
5	11	22	59	86	29
5	78	2	24	89	82
5	25	91	83	79	3
5	88	78	82	0	63
5	79	83	1	62	90
5	84	80	54	32	28
5	29	86	81	55	34
5	20	10	4	12	36
5	5	13	37	22	11
5	85	30	14	33	66
5	35	67	87	31	15
5	52	68	80	84	42
5	86	43	53	70	81
5	46	72	88	53	43
5	73	90	52	42	48
5	84	58	72	46	40
5	59	73	48	41	86
5	72	58	20	36	88
5	22	37	90	73	59
5	12	4	8	24	2
5	5	9	25	3	13
5	36	12	2	78	88
5	13	3	79	90	37
5	50	69	60	6	38
5	39	51	71	61	7
5	24	8	21	74	89
5	9	23	75	91	25
5	0	82	89	51	39
5	91	50	38	1	83
5	47	76	85	18	19
5	87	19	18	49	77
5	49	18	85	64	57
5	65	56	47	19	87
5	91	57	64	69	50
5	51	89	56	65	71
5	1	38	6	44	62
5	45	63	0	39	7
5	48	42	84	40	41
5	41	40	46	43	86
5	90	62	44	68	52
5	53	88	63	45	70