OFF
25	27	0
0.	-1.618033988749895	0.
0.	1.618033988749895	0.
0.42532540417601994	-1.3090169943749475	0.8506508083520399
0.42532540417601994	1.3090169943749475	0.8506508083520399
0.6881909602355868	-0.5	-0.5257311121191336
0.6881909602355868	-0.5	1.3763819204711736
0.6881909602355868	0.5	-0.5257311121191336
0.6881909602355868	0.5	1.3763819204711736
-0.8506508083520399	0.	-0.5257311121191336
-0.8506508083520399	0.	1.3763819204711736
-1.1135163644116066	-0.8090169943749475	0.8506508083520399
-1.1135163644116066	0.8090169943749475	0.8506508083520399
-0.2628655560595668	-0.8090169943749475	-0.5257311121191336
-0.2628655560595668	-0.8090169943749475	1.3763819204711736
-0.2628655560595668	0.8090169943749475	-0.5257311121191336
-0.2628655560595668	0.8090169943749475	1.3763819204711736
-0.9510565162951535	-1.3090169943749475	0.
-0.9510565162951535	1.3090169943749475	0.
0.9510565162951535	-1.3090169943749475	0.
0.9510565162951535	1.3090169943749475	0.
-1.5388417685876268	-0.5	0.
-1.5388417685876268	0.5	0.
1.5388417685876268	-0.5	0.
1.5388417685876268	0.5	0.
1.3763819204711736	0.	0.8506508083520399
5	15	9	13	5	7
3	11	9	15
3	10	13	9
3	2	5	13
3	24	7	5
3	3	15	7
3	19	1	3
3	17	21	11
3	20	16	10
3	0	18	2
3	22	23	24
5	1	17	11	15	3
5	21	20	10	9	11
5	16	0	2	13	10
5	18	22	24	5	2
5	23	19	3	7	24
5	4	12	8	14	6
4	1	19	6	14
4	21	17	14	8
4	16	20	8	12
4	18	0	12	4
4	23	22	4	6
3	6	19	23
3	14	17	1
3	8	20	21
3	12	0	16
3	4	22	18