OFF
20	22	0
0.	-1.618033988749895	0.
0.	1.618033988749895	0.
-0.6881909602355868	-0.5	0.5257311121191336
-0.6881909602355868	0.5	0.5257311121191336
0.6881909602355868	-0.5	-0.5257311121191336
0.6881909602355868	0.5	-0.5257311121191336
-0.8506508083520399	0.	-0.5257311121191336
0.8506508083520399	0.	0.5257311121191336
-0.2628655560595668	-0.8090169943749475	-0.5257311121191336
-0.2628655560595668	0.8090169943749475	-0.5257311121191336
0.2628655560595668	-0.8090169943749475	0.5257311121191336
0.2628655560595668	0.8090169943749475	0.5257311121191336
-0.9510565162951535	-1.3090169943749475	0.
-0.9510565162951535	1.3090169943749475	0.
0.9510565162951535	-1.3090169943749475	0.
0.9510565162951535	1.3090169943749475	0.
-1.5388417685876268	-0.5	0.
-1.5388417685876268	0.5	0.
1.5388417685876268	-0.5	0.
1.5388417685876268	0.5	0.
5	11	3	2	10	7
4	3	11	1	13
4	2	3	17	16
4	10	2	12	0
4	7	10	14	18
4	11	7	19	15
3	15	1	11
3	13	17	3
3	16	12	2
3	0	14	10
3	18	19	7
5	4	8	6	9	5
4	1	15	5	9
4	17	13	9	6
4	12	16	6	8
4	14	0	8	4
4	19	18	4	5
3	5	15	19
3	9	13	1
3	6	16	17
3	8	0	12
3	4	18	14