OFF
20	17	0
0.	-1.618033988749895	0.
0.	1.618033988749895	0.
-0.9510565162951535	-1.3090169943749475	0.
-0.9510565162951535	1.3090169943749475	0.
0.9510565162951535	-1.3090169943749475	0.
0.9510565162951535	1.3090169943749475	0.
-1.5388417685876268	-0.5	0.
-1.5388417685876268	0.5	0.
1.5388417685876268	-0.5	0.
1.5388417685876268	0.5	0.
1.3763819204711736	0.	0.8506508083520399
0.42532540417601994	-1.3090169943749475	0.8506508083520399
0.42532540417601994	1.3090169943749475	0.8506508083520399
-1.1135163644116066	-0.8090169943749475	0.8506508083520399
-1.1135163644116066	0.8090169943749475	0.8506508083520399
-0.8506508083520399	0.	1.3763819204711736
-0.2628655560595668	-0.8090169943749475	1.3763819204711736
-0.2628655560595668	0.8090169943749475	1.3763819204711736
0.6881909602355868	-0.5	1.3763819204711736
0.6881909602355868	0.5	1.3763819204711736
5	17	15	16	18	19
3	14	15	17
3	13	16	15
3	11	18	16
3	10	19	18
3	12	17	19
3	5	1	12
3	3	7	14
3	6	2	13
3	0	4	11
3	8	9	10
5	1	3	14	17	12
5	7	6	13	15	14
5	2	0	11	16	13
5	4	8	10	18	11
5	9	5	12	19	10
10	9	8	4	0	2	6	7	3	1	5