OFF
38	24	0
0.	0.	-2.2940010536869546
0.	0.	2.2940010536869546
0.	-2.2940010536869546	0.
0.	2.2940010536869546	0.
-1.724879418506459	-1.2472231679936432	-0.3686763528801638
-1.724879418506459	1.2472231679936432	0.36867635288016387
-1.724879418506459	-0.3686763528801638	1.2472231679936432
-1.724879418506459	0.36867635288016387	-1.2472231679936432
1.724879418506459	-1.2472231679936432	0.36867635288016387
1.724879418506459	1.2472231679936432	-0.3686763528801638
1.724879418506459	-0.3686763528801638	-1.2472231679936432
1.724879418506459	0.36867635288016387	1.2472231679936432
-2.2940010536869546	0.	0.
2.2940010536869546	0.	0.
-1.2472231679936432	-1.724879418506459	0.36867635288016387
-1.2472231679936432	1.724879418506459	-0.3686763528801638
-1.2472231679936432	-1.2472231679936432	-1.2472231679936432
-1.2472231679936432	-1.2472231679936432	1.2472231679936432
-1.2472231679936432	1.2472231679936432	-1.2472231679936432
-1.2472231679936432	1.2472231679936432	1.2472231679936432
-1.2472231679936432	-0.3686763528801638	-1.724879418506459
-1.2472231679936432	0.36867635288016387	1.724879418506459
1.2472231679936432	-1.724879418506459	-0.3686763528801638
1.2472231679936432	1.724879418506459	0.36867635288016387
1.2472231679936432	-1.2472231679936432	-1.2472231679936432
1.2472231679936432	-1.2472231679936432	1.2472231679936432
1.2472231679936432	1.2472231679936432	-1.2472231679936432
1.2472231679936432	1.2472231679936432	1.2472231679936432
1.2472231679936432	-0.3686763528801638	1.724879418506459
1.2472231679936432	0.36867635288016387	-1.724879418506459
-0.3686763528801638	-1.724879418506459	-1.2472231679936432
-0.3686763528801638	1.724879418506459	1.2472231679936432
-0.3686763528801638	-1.2472231679936432	1.724879418506459
-0.3686763528801638	1.2472231679936432	-1.724879418506459
0.36867635288016387	-1.724879418506459	1.2472231679936432
0.36867635288016387	1.724879418506459	-1.2472231679936432
0.36867635288016387	-1.2472231679936432	-1.724879418506459
0.36867635288016387	1.2472231679936432	1.724879418506459
5	4	12	7	20	16
5	21	19	5	12	6
5	14	17	6	12	4
5	7	12	5	15	18
5	13	11	28	25	8
5	10	29	26	9	13
5	8	22	24	10	13
5	13	9	23	27	11
5	34	32	17	14	2
5	33	18	15	3	35
5	30	16	20	0	36
5	37	31	19	21	1
5	2	30	36	24	22
5	27	23	3	31	37
5	25	28	1	32	34
5	0	33	35	26	29
5	14	4	16	30	2
5	3	15	5	19	31
5	1	21	6	17	32
5	20	7	18	33	0
5	8	25	34	2	22
5	26	35	3	23	9
5	24	36	0	29	10
5	11	27	37	1	28