OFF
25	27	0
0.	-1.618033988749895	0.
0.	1.618033988749895	0.
0.8506508083520399	0.	-0.5257311121191336
0.2628655560595668	-0.8090169943749475	-0.5257311121191336
0.2628655560595668	0.8090169943749475	-0.5257311121191336
-0.9510565162951535	-1.3090169943749475	0.
-0.9510565162951535	1.3090169943749475	0.
0.9510565162951535	-1.3090169943749475	0.
0.9510565162951535	1.3090169943749475	0.
-0.6881909602355868	-0.5	-0.5257311121191336
-0.6881909602355868	0.5	-0.5257311121191336
-1.5388417685876268	-0.5	0.
-1.5388417685876268	0.5	0.
1.5388417685876268	-0.5	0.
1.5388417685876268	0.5	0.
1.3763819204711736	0.	0.8506508083520399
0.42532540417601994	-1.3090169943749475	0.8506508083520399
0.42532540417601994	1.3090169943749475	0.8506508083520399
-1.1135163644116066	-0.8090169943749475	0.8506508083520399
-1.1135163644116066	0.8090169943749475	0.8506508083520399
-0.8506508083520399	0.	1.3763819204711736
-0.2628655560595668	-0.8090169943749475	1.3763819204711736
-0.2628655560595668	0.8090169943749475	1.3763819204711736
0.6881909602355868	-0.5	1.3763819204711736
0.6881909602355868	0.5	1.3763819204711736
5	22	20	21	23	24
3	19	20	22
3	18	21	20
3	16	23	21
3	15	24	23
3	17	22	24
3	8	1	17
3	6	12	19
3	11	5	18
3	0	7	16
3	13	14	15
5	1	6	19	22	17
5	12	11	18	20	19
5	5	0	16	21	18
5	7	13	15	23	16
5	14	8	17	24	15
5	2	3	9	10	4
4	6	1	4	10
4	11	12	10	9
4	0	5	9	3
4	13	7	3	2
4	8	14	2	4
3	4	1	8
3	10	12	6
3	9	5	11
3	3	7	0
3	2	14	13