OFF
20	22	0
0.	-1.618033988749895	0.
0.	1.618033988749895	0.
0.8506508083520399	0.	-0.5257311121191336
0.8506508083520399	0.	0.5257311121191336
0.2628655560595668	-0.8090169943749475	-0.5257311121191336
0.2628655560595668	-0.8090169943749475	0.5257311121191336
0.2628655560595668	0.8090169943749475	-0.5257311121191336
0.2628655560595668	0.8090169943749475	0.5257311121191336
-0.9510565162951535	-1.3090169943749475	0.
-0.9510565162951535	1.3090169943749475	0.
0.9510565162951535	-1.3090169943749475	0.
0.9510565162951535	1.3090169943749475	0.
-0.6881909602355868	-0.5	-0.5257311121191336
-0.6881909602355868	-0.5	0.5257311121191336
-0.6881909602355868	0.5	-0.5257311121191336
-0.6881909602355868	0.5	0.5257311121191336
-1.5388417685876268	-0.5	0.
-1.5388417685876268	0.5	0.
1.5388417685876268	-0.5	0.
1.5388417685876268	0.5	0.
5	7	15	13	5	3
4	15	7	1	9
4	13	15	17	16
4	5	13	8	0
4	3	5	10	18
4	7	3	19	11
3	11	1	7
3	9	17	15
3	16	8	13
3	0	10	5
3	18	19	3
5	2	4	12	14	6
4	9	1	6	14
4	16	17	14	12
4	0	8	12	4
4	18	10	4	2
4	11	19	2	6
3	6	1	11
3	14	17	9
3	12	8	16
3	4	10	0
3	2	19	18