OFF
16	10	0
0.	-1.3065629648763766	-0.5
0.	-1.3065629648763766	0.5
0.	1.3065629648763766	-0.5
0.	1.3065629648763766	0.5
-1.3065629648763766	0.	-0.5
-1.3065629648763766	0.	0.5
1.3065629648763766	0.	-0.5
1.3065629648763766	0.	0.5
-0.9238795325112867	-0.9238795325112867	-0.5
-0.9238795325112867	-0.9238795325112867	0.5
-0.9238795325112867	0.9238795325112867	-0.5
-0.9238795325112867	0.9238795325112867	0.5
0.9238795325112867	-0.9238795325112867	-0.5
0.9238795325112867	-0.9238795325112867	0.5
0.9238795325112867	0.9238795325112867	-0.5
0.9238795325112867	0.9238795325112867	0.5
8	12	0	8	4	10	2	14	6
8	7	15	3	11	5	9	1	13
4	6	14	15	7
4	14	2	3	15
4	2	10	11	3
4	10	4	5	11
4	4	8	9	5
4	8	0	1	9
4	0	12	13	1
4	12	6	7	13