OFF
14	9	0
-1.0382606982861684	-0.5	-0.5
-1.0382606982861684	-0.5	0.5
-1.0382606982861684	0.5	-0.5
-1.0382606982861684	0.5	0.5
1.1523824354812433	0.	-0.5
1.1523824354812433	0.	0.5
-0.2564292158181385	-1.1234898018587336	-0.5
-0.2564292158181385	-1.1234898018587336	0.5
-0.2564292158181385	1.1234898018587336	-0.5
-0.2564292158181385	1.1234898018587336	0.5
0.7184986963636851	-0.9009688679024191	-0.5
0.7184986963636851	-0.9009688679024191	0.5
0.7184986963636851	0.9009688679024191	-0.5
0.7184986963636851	0.9009688679024191	0.5
7	10	6	0	2	8	12	4
7	5	13	9	3	1	7	11
4	4	12	13	5
4	12	8	9	13
4	8	2	3	9
4	2	0	1	3
4	0	6	7	1
4	6	10	11	7
4	10	4	5	11