OFF
18	11	0
-1.3737387097273113	-0.5	-0.5
-1.3737387097273113	-0.5	0.5
-1.3737387097273113	0.5	-0.5
-1.3737387097273113	0.5	0.5
-0.7309511000407719	-1.2660444431189781	-0.5
-0.7309511000407719	-1.2660444431189781	0.5
-0.7309511000407719	1.2660444431189781	-0.5
-0.7309511000407719	1.2660444431189781	0.5
1.4619022000815438	0.	-0.5
1.4619022000815438	0.	0.5
1.119882056755875	-0.9396926207859084	-0.5
1.119882056755875	-0.9396926207859084	0.5
1.119882056755875	0.9396926207859084	-0.5
1.119882056755875	0.9396926207859084	0.5
0.2538566529714362	-1.4396926207859084	-0.5
0.2538566529714362	-1.4396926207859084	0.5
0.2538566529714362	1.4396926207859084	-0.5
0.2538566529714362	1.4396926207859084	0.5
9	10	14	4	0	2	6	16	12	8
9	9	13	17	7	3	1	5	15	11
4	8	12	13	9
4	12	16	17	13
4	16	6	7	17
4	6	2	3	7
4	2	0	1	3
4	0	4	5	1
4	4	14	15	5
4	14	10	11	15
4	10	8	9	11