OFF
92	90	0
-2.4120226591665963	0.	-0.8426213483334735
-2.4120226591665963	0.	0.15737865166652654
-2.2847006554165614	-0.9341723589627157	-0.5092880150001401
-2.2847006554165614	-0.9341723589627157	0.4907119849998598
-2.2847006554165614	0.9341723589627157	-0.5092880150001401
-2.2847006554165614	0.9341723589627157	0.4907119849998598
-2.1573786516665265	0.	0.8240453183331932
-2.0786893258332633	-0.5773502691896258	-1.5879773408334033
-2.0786893258332633	0.5773502691896258	-1.5879773408334033
-1.9513673220832282	-1.5115226281523415	-1.25464400750007
-1.9513673220832282	-1.5115226281523415	-0.25464400750007005
-1.9513673220832282	1.5115226281523415	-1.25464400750007
-1.9513673220832282	1.5115226281523415	-0.25464400750007005
-1.7453559924999298	0.	-2.3333333333333335
-1.618033988749895	-0.9341723589627157	-2.
-1.618033988749895	-0.9341723589627157	1.2360679774997898
-1.618033988749895	0.9341723589627157	-2.
-1.618033988749895	0.9341723589627157	1.2360679774997898
-1.5393446629166316	-1.5115226281523415	0.8240453183331932
-1.5393446629166316	1.5115226281523415	0.8240453183331932
-1.4907119849998598	0.	1.5694013108331233
-1.2060113295832982	-2.0888728973419672	-0.9213106741667367
-1.2060113295832982	-2.0888728973419672	0.07868932583326327
-1.2060113295832982	2.0888728973419672	-0.9213106741667367
-1.2060113295832982	2.0888728973419672	0.07868932583326327
-1.0786893258332633	-1.8683447179254313	-1.5879773408334033
-1.0786893258332633	1.8683447179254313	-1.5879773408334033
-0.8726779962499649	-1.5115226281523415	1.5694013108331233
-0.8726779962499649	-0.35682208977308993	-2.6666666666666665
-0.8726779962499649	0.3568220897730899	-2.6666666666666665
-0.8726779962499649	1.5115226281523415	1.5694013108331233
-0.7453559924999299	-1.2909944487358056	-2.3333333333333335
-0.7453559924999299	-0.5773502691896258	1.9027346441664565
-0.7453559924999299	0.5773502691896258	1.9027346441664565
-0.7453559924999299	1.2909944487358056	-2.3333333333333335
-0.5393446629166316	-2.0888728973419672	0.8240453183331932
-0.5393446629166316	2.0888728973419672	0.8240453183331932
-0.3333333333333333	-2.4456949871150573	-1.25464400750007
-0.3333333333333333	-2.4456949871150573	-0.25464400750007005
-0.3333333333333333	2.4456949871150573	-1.25464400750007
-0.3333333333333333	2.4456949871150573	-0.25464400750007005
-0.12732200375003502	-0.9341723589627157	1.9027346441664565
-0.12732200375003502	0.9341723589627157	1.9027346441664565
0.	-1.8683447179254313	-2.
0.	-1.8683447179254313	1.2360679774997898
0.	0.	-3.
0.	0.	2.23606797749979
0.	1.8683447179254313	-2.
0.	1.8683447179254313	1.2360679774997898
0.12732200375003502	-0.9341723589627157	-2.6666666666666665
0.12732200375003502	0.9341723589627157	-2.6666666666666665
0.3333333333333333	-2.4456949871150573	-0.5092880150001401
0.3333333333333333	-2.4456949871150573	0.4907119849998598
0.3333333333333333	2.4456949871150573	-0.5092880150001401
0.3333333333333333	2.4456949871150573	0.4907119849998598
0.5393446629166316	-2.0888728973419672	-1.5879773408334033
0.5393446629166316	2.0888728973419672	-1.5879773408334033
0.7453559924999299	-1.2909944487358056	1.5694013108331233
0.7453559924999299	-0.5773502691896258	-2.6666666666666665
0.7453559924999299	0.5773502691896258	-2.6666666666666665
0.7453559924999299	1.2909944487358056	1.5694013108331233
0.8726779962499649	-1.5115226281523415	-2.3333333333333335
0.8726779962499649	-0.35682208977308993	1.9027346441664565
0.8726779962499649	0.3568220897730899	1.9027346441664565
0.8726779962499649	1.5115226281523415	-2.3333333333333335
1.0786893258332633	-1.8683447179254313	0.8240453183331932
1.0786893258332633	1.8683447179254313	0.8240453183331932
1.2060113295832982	-2.0888728973419672	-0.8426213483334735
1.2060113295832982	-2.0888728973419672	0.15737865166652654
1.2060113295832982	2.0888728973419672	-0.8426213483334735
1.2060113295832982	2.0888728973419672	0.15737865166652654
1.4907119849998598	0.	-2.3333333333333335
1.5393446629166316	-1.5115226281523415	-1.5879773408334033
1.5393446629166316	1.5115226281523415	-1.5879773408334033
1.618033988749895	-0.9341723589627157	-2.
1.618033988749895	-0.9341723589627157	1.2360679774997898
1.618033988749895	0.9341723589627157	-2.
1.618033988749895	0.9341723589627157	1.2360679774997898
1.7453559924999298	0.	1.5694013108331233
1.9513673220832282	-1.5115226281523415	-0.5092880150001401
1.9513673220832282	-1.5115226281523415	0.4907119849998598
1.9513673220832282	1.5115226281523415	-0.5092880150001401
1.9513673220832282	1.5115226281523415	0.4907119849998598
2.0786893258332633	-0.5773502691896258	0.8240453183331932
2.0786893258332633	0.5773502691896258	0.8240453183331932
2.1573786516665265	0.	-1.5879773408334033
2.2847006554165614	-0.9341723589627157	-1.25464400750007
2.2847006554165614	-0.9341723589627157	-0.25464400750007005
2.2847006554165614	0.9341723589627157	-1.25464400750007
2.2847006554165614	0.9341723589627157	-0.25464400750007005
2.4120226591665963	0.	-0.9213106741667367
2.4120226591665963	0.	0.07868932583326327
4	1	0	2	3
4	91	90	88	89
4	87	86	90	91
4	5	4	0	1
4	86	85	88	90
4	6	5	1	3
4	3	2	9	10
4	89	88	81	82
4	2	0	7	9
4	91	89	82	84
4	78	75	80	83
4	16	13	8	11
4	80	79	86	87
4	12	11	4	5
4	9	7	13	14
4	84	82	77	78
4	83	80	87	91
4	11	8	0	4
4	7	0	8	13
4	91	84	78	83
4	10	9	21	22
4	82	81	69	70
4	49	45	58	61
4	46	42	30	33
4	20	15	27	32
4	76	71	59	64
4	73	69	81	88
4	22	18	3	10
4	54	48	60	66
4	43	37	25	31
4	68	67	79	80
4	24	23	11	12
4	61	58	71	74
4	33	30	17	20
4	32	27	41	46
4	64	59	45	50
4	34	26	39	47
4	65	57	44	52
4	12	5	19	24
4	86	79	67	72
4	58	45	59	71
4	46	33	20	32
4	40	39	23	24
4	52	51	67	68
4	63	60	42	46
4	31	28	45	49
4	34	29	13	16
4	62	57	75	78
4	80	75	57	65
4	16	11	26	34
4	61	55	37	43
4	36	30	48	54
4	60	48	30	42
4	43	31	49	61
4	39	26	11	23
4	65	52	68	80
4	70	69	53	54
4	22	21	37	38
4	78	77	60	63
4	14	13	28	31
4	50	45	29	34
4	46	41	57	62
4	52	44	27	35
4	47	39	56	64
4	31	25	9	14
4	66	60	77	82
4	82	70	54	66
4	21	9	25	37
4	64	50	34	47
4	41	27	44	57
4	62	78	63	46
4	13	29	45	28
4	54	53	39	40
4	38	37	51	52
4	20	17	5	6
4	74	71	85	86
4	88	85	71	76
4	6	3	15	20
4	35	27	18	22
4	64	56	69	73
4	72	67	55	61
4	24	19	30	36
4	27	15	3	18
4	76	64	73	88
4	86	72	61	74
4	19	5	17	30
4	36	54	40	24
4	37	55	67	51
4	53	69	56	39
4	22	38	52	35