OFF
22	20	0
-1.4472135954999579	0.	0.22360679774997896
-1.170820393249937	-0.85065080835204	-0.22360679774997896
-1.170820393249937	0.85065080835204	-0.22360679774997896
-0.8944271909999159	0.	-0.6708203932499369
-0.723606797749979	-0.5257311121191336	0.6708203932499369
-0.723606797749979	0.5257311121191336	0.6708203932499369
-0.4472135954999579	-1.3763819204711736	0.22360679774997896
-0.4472135954999579	1.3763819204711736	0.22360679774997896
-0.276393202250021	-0.85065080835204	-0.6708203932499369
-0.276393202250021	0.85065080835204	-0.6708203932499369
0.	0.	-1.118033988749895
0.	0.	1.118033988749895
0.276393202250021	-0.85065080835204	0.6708203932499369
0.276393202250021	0.85065080835204	0.6708203932499369
0.4472135954999579	-1.3763819204711736	-0.22360679774997896
0.4472135954999579	1.3763819204711736	-0.22360679774997896
0.723606797749979	-0.5257311121191336	-0.6708203932499369
0.723606797749979	0.5257311121191336	-0.6708203932499369
0.8944271909999159	0.	0.6708203932499369
1.170820393249937	-0.85065080835204	0.22360679774997896
1.170820393249937	0.85065080835204	0.22360679774997896
1.4472135954999579	0.	-0.22360679774997896
4	19	12	6	14
4	20	15	7	13
4	6	4	0	1
4	7	2	0	5
4	20	18	19	21
4	11	5	0	4
4	12	11	4	6
4	13	7	5	11
4	19	18	11	12
4	20	13	11	18
4	6	1	8	14
4	17	15	20	21
4	0	2	3	1
4	9	2	7	15
4	19	14	16	21
4	3	2	9	10
4	1	3	10	8
4	10	9	15	17
4	8	10	16	14
4	16	10	17	21