OFF
14	12	0
-0.816496580927726	-0.816496580927726	0.
-0.816496580927726	0.	-0.5773502691896258
-0.816496580927726	0.	0.5773502691896258
-0.816496580927726	0.816496580927726	0.
0.	-0.816496580927726	-0.5773502691896258
0.	-0.816496580927726	0.5773502691896258
0.	0.	-1.1547005383792517
0.	0.	1.1547005383792517
0.	0.816496580927726	-0.5773502691896258
0.	0.816496580927726	0.5773502691896258
0.816496580927726	-0.816496580927726	0.
0.816496580927726	0.	-0.5773502691896258
0.816496580927726	0.	0.5773502691896258
0.816496580927726	0.816496580927726	0.
4	1	0	2	3
4	0	1	6	4
4	5	7	2	0
4	1	3	8	6
4	7	9	3	2
4	10	5	0	4
4	8	3	9	13
4	4	6	11	10
4	10	12	7	5
4	6	8	13	11
4	12	13	9	7
4	13	12	10	11