OFF
32	30	0
0.	0.	-1.618033988749895
0.	0.	1.618033988749895
0.276393202250021	-0.85065080835204	1.170820393249937
0.276393202250021	0.85065080835204	1.170820393249937
0.8944271909999159	0.	1.170820393249937
1.170820393249937	-0.85065080835204	0.723606797749979
1.170820393249937	-0.85065080835204	-0.276393202250021
1.170820393249937	0.85065080835204	0.723606797749979
1.170820393249937	0.85065080835204	-0.276393202250021
-0.8944271909999159	0.	-1.170820393249937
-0.4472135954999579	-1.3763819204711736	0.723606797749979
-0.4472135954999579	-1.3763819204711736	-0.276393202250021
-0.4472135954999579	1.3763819204711736	0.723606797749979
-0.4472135954999579	1.3763819204711736	-0.276393202250021
0.4472135954999579	-1.3763819204711736	0.276393202250021
0.4472135954999579	-1.3763819204711736	-0.723606797749979
0.4472135954999579	1.3763819204711736	0.276393202250021
0.4472135954999579	1.3763819204711736	-0.723606797749979
-1.4472135954999579	0.	0.723606797749979
-1.4472135954999579	0.	-0.276393202250021
-0.723606797749979	-0.5257311121191336	1.170820393249937
-0.723606797749979	0.5257311121191336	1.170820393249937
0.723606797749979	-0.5257311121191336	-1.170820393249937
0.723606797749979	0.5257311121191336	-1.170820393249937
1.4472135954999579	0.	0.276393202250021
1.4472135954999579	0.	-0.723606797749979
-1.170820393249937	-0.85065080835204	0.276393202250021
-1.170820393249937	-0.85065080835204	-0.723606797749979
-1.170820393249937	0.85065080835204	0.276393202250021
-1.170820393249937	0.85065080835204	-0.723606797749979
-0.276393202250021	-0.85065080835204	-1.170820393249937
-0.276393202250021	0.85065080835204	-1.170820393249937
4	15	14	10	11
4	13	12	16	17
4	9	27	19	29
4	7	4	5	24
4	11	27	30	15
4	31	29	13	17
4	5	2	10	14
4	7	16	12	3
4	10	20	18	26
4	12	28	18	21
4	6	15	22	25
4	23	17	8	25
4	11	10	26	27
4	29	28	12	13
4	6	5	14	15
4	17	16	7	8
4	1	21	18	20
4	22	0	23	25
4	2	1	20	10
4	3	12	21	1
4	15	30	0	22
4	0	31	17	23
4	30	27	9	0
4	9	29	31	0
4	5	4	1	2
4	7	3	1	4
4	27	26	18	19
4	19	18	28	29
4	25	24	5	6
4	8	7	24	25