OFF
24	26	0
-0.5	-0.5	-1.2071067811865475
-0.5	-0.5	1.2071067811865475
-0.5	0.5	-1.2071067811865475
-0.5	0.5	1.2071067811865475
-0.5	-1.2071067811865475	-0.5
-0.5	-1.2071067811865475	0.5
-0.5	1.2071067811865475	-0.5
-0.5	1.2071067811865475	0.5
0.5	-0.5	-1.2071067811865475
0.5	-0.5	1.2071067811865475
0.5	0.5	-1.2071067811865475
0.5	0.5	1.2071067811865475
0.5	-1.2071067811865475	-0.5
0.5	-1.2071067811865475	0.5
0.5	1.2071067811865475	-0.5
0.5	1.2071067811865475	0.5
-1.2071067811865475	-0.5	-0.5
-1.2071067811865475	-0.5	0.5
-1.2071067811865475	0.5	-0.5
-1.2071067811865475	0.5	0.5
1.2071067811865475	-0.5	-0.5
1.2071067811865475	-0.5	0.5
1.2071067811865475	0.5	-0.5
1.2071067811865475	0.5	0.5
4	2	10	8	0
4	1	9	11	3
4	23	21	20	22
4	18	16	17	19
4	4	12	13	5
4	7	15	14	6
4	12	20	21	13
4	15	23	22	14
4	5	17	16	4
4	6	18	19	7
4	5	13	9	1
4	3	11	15	7
4	21	23	11	9
4	1	3	19	17
4	0	8	12	4
4	6	14	10	2
4	8	10	22	20
4	16	18	2	0
3	21	9	13
3	15	11	23
3	5	1	17
3	19	3	7
3	12	8	20
3	22	10	14
3	16	0	4
3	6	2	18