OFF
60	62	0
-0.5	-0.5	-2.118033988749895
-0.5	-0.5	2.118033988749895
-0.5	0.5	-2.118033988749895
-0.5	0.5	2.118033988749895
-0.5	-2.118033988749895	-0.5
-0.5	-2.118033988749895	0.5
-0.5	2.118033988749895	-0.5
-0.5	2.118033988749895	0.5
0.	-1.3090169943749477	-1.8090169943749475
0.	-1.3090169943749477	1.8090169943749475
0.	1.3090169943749475	-1.8090169943749475
0.	1.3090169943749475	1.8090169943749475
0.5	-0.5	-2.118033988749895
0.5	-0.5	2.118033988749895
0.5	0.5	-2.118033988749895
0.5	0.5	2.118033988749895
0.5	-2.118033988749895	-0.5
0.5	-2.118033988749895	0.5
0.5	2.118033988749895	-0.5
0.5	2.118033988749895	0.5
-1.8090169943749475	0.	-1.3090169943749477
-1.8090169943749475	0.	1.3090169943749475
-0.8090169943749475	-1.618033988749895	-1.3090169943749477
-0.8090169943749475	-1.618033988749895	1.3090169943749475
-0.8090169943749475	1.618033988749895	-1.3090169943749477
-0.8090169943749475	1.618033988749895	1.3090169943749475
-1.618033988749895	-1.3090169943749477	-0.8090169943749475
-1.618033988749895	-1.3090169943749477	0.8090169943749475
-1.618033988749895	1.3090169943749475	-0.8090169943749475
-1.618033988749895	1.3090169943749475	0.8090169943749475
-2.118033988749895	-0.5	-0.5
-2.118033988749895	-0.5	0.5
-2.118033988749895	0.5	-0.5
-2.118033988749895	0.5	0.5
-1.3090169943749477	-1.8090169943749475	0.
-1.3090169943749477	-0.8090169943749475	-1.618033988749895
-1.3090169943749477	-0.8090169943749475	1.618033988749895
-1.3090169943749477	0.8090169943749475	-1.618033988749895
-1.3090169943749477	0.8090169943749475	1.618033988749895
-1.3090169943749477	1.8090169943749475	0.
0.8090169943749475	-1.618033988749895	-1.3090169943749477
0.8090169943749475	-1.618033988749895	1.3090169943749475
0.8090169943749475	1.618033988749895	-1.3090169943749477
0.8090169943749475	1.618033988749895	1.3090169943749475
1.618033988749895	-1.3090169943749477	-0.8090169943749475
1.618033988749895	-1.3090169943749477	0.8090169943749475
1.618033988749895	1.3090169943749475	-0.8090169943749475
1.618033988749895	1.3090169943749475	0.8090169943749475
2.118033988749895	-0.5	-0.5
2.118033988749895	-0.5	0.5
2.118033988749895	0.5	-0.5
2.118033988749895	0.5	0.5
1.3090169943749475	-1.8090169943749475	0.
1.3090169943749475	-0.8090169943749475	-1.618033988749895
1.3090169943749475	-0.8090169943749475	1.618033988749895
1.3090169943749475	0.8090169943749475	-1.618033988749895
1.3090169943749475	0.8090169943749475	1.618033988749895
1.3090169943749475	1.8090169943749475	0.
1.8090169943749475	0.	-1.3090169943749477
1.8090169943749475	0.	1.3090169943749475
3	35	22	26
3	36	27	23
3	39	7	6
3	34	4	5
3	37	28	24
3	38	25	29
3	9	13	1
3	8	0	12
3	11	3	15
3	10	14	2
3	53	44	40
3	54	41	45
3	57	18	19
3	52	17	16
3	55	42	46
3	56	47	43
3	33	31	21
3	32	20	30
3	58	50	48
3	59	49	51
4	26	30	20	35
4	22	35	0	8
4	9	1	36	23
4	36	21	31	27
4	7	39	29	25
4	24	28	39	6
4	34	26	22	4
4	5	23	27	34
4	2	37	24	10
4	20	32	28	37
4	38	29	33	21
4	11	25	38	3
4	54	13	9	41
4	40	8	12	53
4	56	43	11	15
4	14	10	42	55
4	44	53	58	48
4	49	59	54	45
4	47	57	19	43
4	42	18	57	46
4	52	16	40	44
4	45	41	17	52
4	58	55	46	50
4	51	47	56	59
4	30	31	33	32
4	16	17	5	4
4	0	2	14	12
4	13	15	3	1
4	6	7	19	18
4	50	51	49	48
5	2	0	35	20	37
5	21	36	1	3	38
5	28	32	33	29	39
5	26	34	27	31	30
5	41	9	23	5	17
5	40	16	4	22	8
5	19	7	25	11	43
5	10	24	6	18	42
5	55	58	53	12	14
5	56	15	13	54	59
5	57	47	51	50	46
5	48	49	45	52	44