OFF
24	38	0
-1.1426135089259621	-0.33775397381375244	-0.6212264105565853
-1.1426135089259621	0.33775397381375233	0.6212264105565853
-1.1426135089259621	-0.6212264105565853	0.33775397381375233
-1.1426135089259621	0.6212264105565853	-0.33775397381375244
1.142613508925962	-0.33775397381375244	0.6212264105565853
1.142613508925962	0.33775397381375233	-0.6212264105565853
1.142613508925962	-0.6212264105565853	-0.33775397381375244
1.142613508925962	0.6212264105565853	0.33775397381375233
-0.33775397381375244	-1.1426135089259621	0.6212264105565853
-0.33775397381375244	1.142613508925962	-0.6212264105565853
-0.33775397381375244	-0.6212264105565853	-1.1426135089259621
-0.33775397381375244	0.6212264105565853	1.142613508925962
0.33775397381375233	-1.1426135089259621	-0.6212264105565853
0.33775397381375233	1.142613508925962	0.6212264105565853
0.33775397381375233	-0.6212264105565853	1.142613508925962
0.33775397381375233	0.6212264105565853	-1.1426135089259621
-0.6212264105565853	-1.1426135089259621	-0.33775397381375244
-0.6212264105565853	1.142613508925962	0.33775397381375233
-0.6212264105565853	-0.33775397381375244	1.142613508925962
-0.6212264105565853	0.33775397381375233	-1.1426135089259621
0.6212264105565853	-1.1426135089259621	0.33775397381375233
0.6212264105565853	1.142613508925962	-0.33775397381375244
0.6212264105565853	-0.33775397381375244	-1.1426135089259621
0.6212264105565853	0.33775397381375233	1.142613508925962
3	2	0	16
3	2	16	8
3	2	18	1
3	2	8	18
3	0	3	19
3	0	19	10
3	0	10	16
3	1	18	11
3	1	17	3
3	1	11	17
3	3	17	9
3	3	9	19
3	16	10	12
3	18	8	14
3	17	11	13
3	19	9	15
3	8	20	14
3	10	22	12
3	11	23	13
3	9	21	15
3	12	22	6
3	12	6	20
3	14	20	4
3	14	4	23
3	15	21	5
3	15	5	22
3	13	23	7
3	13	7	21
3	20	6	4
3	22	5	6
3	23	4	7
3	21	7	5
4	0	2	1	3
4	20	8	16	12
4	23	11	18	14
4	9	17	13	21
4	10	19	15	22
4	7	4	6	5