OFF
16	18	0
-0.5	-0.5	-0.7071067811865475
-0.5	0.5	-0.7071067811865475
0.	-0.7071067811865475	0.7071067811865475
0.	0.7071067811865475	0.7071067811865475
0.5	-0.5	-0.7071067811865475
0.5	0.5	-0.7071067811865475
-0.7071067811865475	0.	0.7071067811865475
0.7071067811865475	0.	0.7071067811865475
0.5	1.2071067811865475	0.
-0.5	1.2071067811865475	0.
-1.2071067811865475	0.5	0.
-1.2071067811865475	-0.5	0.
-0.5	-1.2071067811865475	0.
0.5	-1.2071067811865475	0.
1.2071067811865475	-0.5	0.
1.2071067811865475	0.5	0.
4	3	6	2	7
4	6	3	9	10
4	2	6	11	12
4	7	2	13	14
4	3	7	15	8
3	8	9	3
3	10	11	6
3	12	13	2
3	14	15	7
4	4	0	1	5
4	9	8	5	1
4	11	10	1	0
4	13	12	0	4
4	15	14	4	5
3	5	8	15
3	1	10	9
3	0	12	11
3	4	14	13