OFF
16	18	0
0.	-0.7071067811865475	-0.7071067811865475
0.	-0.7071067811865475	0.7071067811865475
0.	0.7071067811865475	-0.7071067811865475
0.	0.7071067811865475	0.7071067811865475
-0.7071067811865475	0.	-0.7071067811865475
-0.7071067811865475	0.	0.7071067811865475
0.7071067811865475	0.	-0.7071067811865475
0.7071067811865475	0.	0.7071067811865475
0.5	1.2071067811865475	0.
-0.5	1.2071067811865475	0.
-1.2071067811865475	0.5	0.
-1.2071067811865475	-0.5	0.
-0.5	-1.2071067811865475	0.
0.5	-1.2071067811865475	0.
1.2071067811865475	-0.5	0.
1.2071067811865475	0.5	0.
4	3	5	1	7
4	5	3	9	10
4	1	5	11	12
4	7	1	13	14
4	3	7	15	8
3	8	9	3
3	10	11	5
3	12	13	1
3	14	15	7
4	6	0	4	2
4	10	9	2	4
4	12	11	4	0
4	14	13	0	6
4	8	15	6	2
3	2	9	8
3	4	11	10
3	0	13	12
3	6	15	14