OFF
23	24	0
0.	0.	1.4012585384440734
0.	0.	-1.4012585384440737
0.17841104488654494	-1.3090169943749475	0.46708617948135783
0.17841104488654494	1.3090169943749475	0.46708617948135783
0.46708617948135783	-0.8090169943749475	-1.0444364486709836
0.46708617948135783	0.8090169943749475	-1.0444364486709836
1.0444364486709836	-0.8090169943749475	0.46708617948135783
1.0444364486709836	0.8090169943749475	0.46708617948135783
-1.2228474935575286	-0.5	0.46708617948135783
-1.2228474935575286	0.5	0.46708617948135783
1.2228474935575286	-0.5	-0.4670861794813579
1.2228474935575286	0.5	-0.4670861794813579
-0.9341723589627157	0.	-1.0444364486709836
-0.4670861794813579	-0.8090169943749475	1.0444364486709836
-0.4670861794813579	0.8090169943749475	1.0444364486709836
0.9341723589627158	0.	1.0444364486709836
-1.0444364486709836	-0.8090169943749475	-0.4670861794813579
-1.0444364486709836	0.8090169943749475	-0.4670861794813579
-0.9951248486580194	0.	1.3026353384181448
-0.17841104488654494	-1.3090169943749475	-0.4670861794813579
-0.17841104488654494	1.3090169943749475	-0.4670861794813579
0.8050729140891351	1.394427190999916	-0.3075104897601255
0.8050729140891351	-1.394427190999916	-0.3075104897601255
5	1	5	11	10	4
5	10	11	7	15	6
5	5	1	12	17	20
5	1	4	19	16	12
5	3	20	17	9	14
5	17	12	16	8	9
5	16	19	2	13	8
5	2	6	15	0	13
5	15	7	3	14	0
3	18	14	9
3	18	9	8
3	18	8	13
3	18	13	0
3	18	0	14
3	22	4	10
3	22	10	6
3	22	6	2
3	22	2	19
3	22	19	4
3	21	11	5
3	21	5	20
3	21	20	3
3	21	3	7
3	21	7	11