OFF
18	20	0
-0.9601329154398749	0.715228827607169	-0.038940340478218406
-0.8187282992850485	0.16130517672676778	-0.8594117437126204
-0.7611144360244372	0.3324336895940013	0.8632012931717644
-0.5479424211554954	1.1239249279664272	-0.8532292904049141
-0.47830520371478974	-0.7754136121667969	-0.7777415132970539
-0.4206913404541757	-0.604285099299567	0.9448715235873327
-0.27928672429935203	-1.158208750179968	0.12440012035291889
-0.18156919050129358	1.336062427757598	0.05273390417913578
-0.026905148726201384	0.12175399793315325	1.508608753592473
0.01744934059955831	0.9532667741322984	0.9548758259169691
0.04722853458733749	0.43979375739903803	-1.2748180091772525
0.34329703413956375	-1.3284373060931192	-0.6394137983994109
0.3876519127990416	-0.4969254544690647	-1.1931480832747694
0.568266260917956	-0.5623777208013869	1.087021565146125
0.6400338013331498	0.7830391754875077	0.19106203932993235
0.7096707041513745	-1.116301423393658	0.2665495971587358
0.7814386781557835	0.22911425565242435	-0.6294107944859267
0.9804569718616517	-0.15368159140503465	0.27273270035205593
5	11	12	16	17	15
3	12	11	4
3	11	6	4
3	6	11	15
4	6	15	13	5
3	13	15	17
5	8	13	17	14	9
3	5	13	8
3	2	5	8
3	2	8	9
3	7	9	14
4	2	9	7	0
3	16	14	17
5	16	10	3	7	14
3	3	0	7
3	3	1	0
3	1	3	10
4	12	4	1	10
3	12	10	16
6	1	4	6	5	2	0