OFF
15	17	0
-1.	0.	-0.5
-1.	0.	0.5
-0.5	-0.8660254037844386	-0.5
-0.5	-0.8660254037844386	0.5
-0.5	0.8660254037844386	-0.5
-0.5	0.8660254037844386	0.5
0.	-1.5731321849709863	0.
0.5	-0.8660254037844386	-0.5
0.5	-0.8660254037844386	0.5
0.5	0.8660254037844386	-0.5
0.5	0.8660254037844386	0.5
1.	0.	-0.5
1.	0.	0.5
-1.3623724356957945	0.786566092485493	0.
1.3623724356957945	0.786566092485493	0.
6	7	2	0	4	9	11
6	12	10	5	1	3	8
4	9	4	5	10
4	0	2	3	1
4	7	11	12	8
3	14	11	9
3	14	9	10
3	14	10	12
3	14	12	11
3	13	4	0
3	13	0	1
3	13	1	5
3	13	5	4
3	6	2	7
3	6	7	8
3	6	8	3
3	6	3	2