OFF
12	14	0
0.	-1.	0.
0.	1.	0.
-0.2886751345948129	-0.5	-0.816496580927726
-0.2886751345948129	-0.5	0.816496580927726
-0.2886751345948129	0.5	-0.816496580927726
-0.2886751345948129	0.5	0.816496580927726
0.5773502691896258	0.	-0.816496580927726
0.5773502691896258	0.	0.816496580927726
-0.8660254037844386	-0.5	0.
-0.8660254037844386	0.5	0.
0.8660254037844386	-0.5	0.
0.8660254037844386	0.5	0.
3	5	3	7
4	3	5	9	8
4	7	3	0	10
4	5	7	11	1
3	1	9	5
3	8	0	3
3	10	11	7
3	6	2	4
4	8	9	4	2
4	10	0	2	6
4	1	11	6	4
3	4	9	1
3	2	0	8
3	6	11	10