OFF
75	62	0
-2.8418467343130844	0.20431710470643052	-0.4522361549656473
-2.7342862144381224	0.9606483582540235	0.1930496495204814
-2.704248233703935	-0.7782497462286029	-0.5772522982182557
-2.5685242843995164	1.1079284885266174	-0.7820562656378527
-2.4226511368236427	1.2018511823128317	1.1121278703843374
-2.420645418143778	1.890219336173735	0.3867691578546648
-2.374048663042292	-1.6117450537128122	-0.13424686265711896
-2.254883488105198	2.0374994664463273	-0.5883367573036729
-2.2082867330037415	-1.4644649234402254	-1.1093527778154602
-2.025975509031675	0.8357942962748466	1.953941865575689
-1.9886807699418212	1.5874355692339865	-1.4407325581312278
-1.9773730352503331	-1.9778019397508024	0.7075671325342043
-1.7526530591181262	1.7394056800950402	1.6241217549035085
-1.7506473404382594	2.427773833955942	0.8987630423738324
-1.695775938370052	0.002298988790627749	2.3969473011367723
-1.665737957635854	-1.7365991156919942	1.6266453533980638
-1.5581774377608795	-0.9802678621443992	2.2719311578842207
-1.5434026683685562	-1.5922175528296434	-1.8452932959814
-1.482438903595049	2.666078090604514	-0.6789914709834235
-1.323796705306645	1.4596829398445663	-2.176673076297143
-1.2162361854316879	2.2160141933921675	-1.5313872718110104
-1.1708038259805742	2.9072809146633185	0.2400867498804324
-1.169776456935648	-2.4228142929036194	1.0945448738008132
-0.980208474607985	2.3679843042532243	1.5334670412237579
-0.9654927701685051	-1.7829014414529287	2.3390446600077395
-0.9635591539108698	-1.1127104721222576	-2.5039695884748
-0.8881793600553659	-0.44271336436218833	2.7839250424033883
-0.8278352046064689	0.773467762632974	-2.7087735558944184
-0.6902367039973346	-0.20909908830204912	-2.83378969914697
-0.6333595832492279	-1.9462057796064558	-2.060964152913681
-0.5462381077261974	2.7535686911744124	-1.019393387291825
-0.4695312694683008	-2.4691166186645455	1.8069441804104927
-0.4003649601503002	2.8474913849606116	0.8747907487303614
-0.2954946924629879	-1.2453469436707256	2.851038544526907
-0.25973337181633827	-2.7768025196804604	0.878874016868511
-0.234603030111712	2.994771515233216	-0.10031516642796914
-0.003689332358330558	2.4814344989226305	1.7166047439217131
0.08220788051281248	0.4194795358561867	-2.924444412826717
0.08833978219428675	-0.32926316969279656	2.9670627451013365
0.174236995065452	-2.39121813275926	-1.673986411647111
0.4051506928188272	-2.9045551490698713	0.14293349870261382
0.4302810345234579	2.8670188858438266	-0.8362556845938698
0.5069878727813518	-2.3556664239951526	1.990081883108448
0.570912622857411	-2.757275018797256	-0.8321724164557487
0.6145483926563228	-1.5993351704475622	2.6353676875945977
0.7167857704333117	-2.6633523250110596	1.062011719566452
0.80390724595636	2.0364221457698175	2.1035824851883183
0.8607843667044347	0.2993154544653953	2.8764080314215716
0.9983828673135992	-0.6832513964696298	2.7513918881690165
1.0587270227624643	0.5329297305255716	-2.7413067101287725
1.134106816617986	1.2029268382855924	2.546587920749398
1.1507561373150905	-2.2777679380898523	-1.4908487089491735
1.3403241196427624	2.513030659066989	-1.0519265415261898
1.3867838481388317	-2.1257978272288414	1.5740056040856125
1.4943443680138035	-1.3694665736812488	2.2192914085717623
1.7139503310756672	1.6824339189929802	1.887911628256002
1.7287251004679896	1.070484228307773	-2.2293128256096084
-0.06923651832987053	-0.986574217839476	-2.9332441729110608
1.836285620342964	1.82681548185537	-1.584027021123444
1.866323601077155	0.08791737737275242	-2.354328968862167
1.9232007218252305	-1.6491893139316711	-1.5815034226289242
0.7032080661802703	-0.3579955936812469	-3.023898886590893
2.1479206979574474	2.06801830591417	-0.6649488002595845
2.1592284326489777	-1.4972192030706508	1.483350890405837
2.196523171738777	-0.7455779301114731	-1.9113235333010976
2.3788343957108387	1.5546812896035676	1.1519711100900942
0.26096305233173045	-1.8200695253237325	-2.4902387373500128
2.544596325749417	1.7019614198761712	0.17686519493176364
2.5931987995307484	-1.1116348161494691	-1.0695095381097495
1.5108046444949352	-0.8030079468341009	-2.6369211453242807
2.739071947106657	-1.0177121223632695	0.8246745979124441
2.874795896411043	0.8684661123919477	0.619870630492833
1.2374821945813725	-1.7066193306543032	-2.307101034652111
2.904833877145233	-0.8704319920906698	-0.15043131724589
3.012394397020209	-0.11410073854307211	0.49485448724027425
10	68	64	59	56	58	62	67	71	74	73
3	70	73	74
10	40	43	51	60	68	73	70	63	53	45
3	54	53	63
3	60	64	68
10	54	63	70	74	71	65	55	50	47	48
3	43	39	51
3	49	56	59
10	20	30	41	52	58	56	49	37	27	19
3	28	27	37
3	52	62	58
10	36	46	55	65	67	62	52	41	35	32
3	30	35	41
3	65	71	67
3	50	55	46
10	2	6	11	15	16	14	9	4	1	0
3	3	0	1
10	28	25	17	8	2	0	3	10	19	27
3	20	19	10
3	8	6	2
10	43	40	34	22	11	6	8	17	29	39
3	25	29	17
3	22	15	11
3	45	34	40
3	26	14	16
10	46	36	23	12	9	14	26	38	47	50
3	48	47	38
3	12	4	9
3	32	23	36
5	5	13	21	18	7
4	13	5	4	12
3	13	12	23
4	21	13	23	32
3	21	32	35
4	18	21	35	30
3	18	30	20
4	7	18	20	10
3	3	7	10
4	5	7	3	1
3	5	1	4
5	24	31	42	44	33
4	31	24	15	22
3	31	22	34
4	42	31	34	45
3	42	45	53
4	44	42	53	54
3	44	54	48
4	33	44	48	38
3	26	33	38
4	24	33	26	16
3	24	16	15
5	72	66	57	61	69
4	66	72	51	39
3	66	39	29
4	66	29	25	57
3	57	25	28
4	57	28	37	61
3	61	37	49
4	61	49	59	69
3	69	59	64
4	69	64	60	72
3	72	60	51