OFF
45	32	0
-2.0918871514674215	0.4571252035325761	0.4612827142640256
-2.068394747013247	0.5733442637750502	-0.5316630229086132
-2.0452049813941695	-0.52202261148032	0.6589954638598297
-2.0071934725098544	-0.33397622186741366	-0.9476244878698235
-1.9928614091661254	-1.010950180926001	-0.21175707405340582
-1.6153946024040016	1.328970260344894	0.5746010605234768
-1.60106253906027	0.651996301286306	1.310468474339891
-1.5919021979498273	1.4451893205873705	-0.4183446766491612
-1.5543803689870153	-0.3271515137265824	1.508181223935696
-1.4316751811451436	-0.9302065495136725	-1.5073459299278067
-1.417343117801411	-1.6071805085722617	-0.7714785161113891
-0.7977312925600618	1.7604973801779118	0.9556667459160006
-0.7833992292163278	1.0835234211193252	1.6915341597324114
-0.759719783675744	1.948543769790812	-0.6509532058136462
-0.707865891369199	-0.500771023581725	2.0114401085876152
-0.5616682990731608	-0.98760699912634	-1.997032782448518
-0.5384785334540821	-2.082973874381714	-0.8063742956800752
-0.268895171268594	2.143414867544541	0.1982325542622178
-0.23137334230578038	0.3710740332305917	2.1247584548470604
-0.009642412162620559	-1.7000563870150738	-1.563808487333869
0.048783185057750325	1.5868778703227666	1.4589256305679241
0.1102870983962448	1.891143320178144	-1.1406400583343572
0.17099869297813214	-0.9765643893911792	1.9765443290189275
0.27051411520091634	-0.4842525499228976	-2.2296413116130074
0.3080359441637362	-2.256593384236862	-0.3031154110281547
0.5776193063492138	1.9697953576893954	0.701491438914146
0.6008090719682945	0.8744284824340295	1.8921499256825742
0.6011117108033961	2.0860144179318723	-0.29145429825849484
0.6474912420415495	-0.10471933257886296	2.0898626752783764
0.6858053897609547	1.2949129925318865	-1.7003615003923418
0.74651698434285	-1.5727947170374406	1.4168228869609445
0.747006664264334	0.3875925068894172	-2.1163229653535565
0.7988605565708862	-2.0617222864831244	0.5460703490477039
0.8225400021114583	-1.1967019378116261	-1.7964170164983602
0.8368720654551945	-1.8736758968702243	-1.0605496026819463
1.4564838906965454	1.4940019918799443	0.666595659345457
1.47081595404028	0.8170280328213625	1.4024630731618661
1.479976295150719	1.610221052122422	-0.3263500778271818
1.5174981241135335	-0.1621197821915304	1.600175822757664
1.5323198673787601	1.1212934826767436	-1.1971026157404208
1.5786993986169244	-1.069440267834	1.1842143577964532
1.593521141882143	0.2139729970342769	-1.613064080701636
1.6310429708449663	-1.5583678372796812	0.31346181988321015
1.640203311955399	-0.7651748179786081	-1.415351331105839
1.654535375299136	-1.4421487770372008	-0.6794839172894285
4	35	37	27	25
3	25	27	17
4	27	21	13	17
5	37	39	29	21	27
10	1	7	13	21	29	31	23	15	9	3
4	25	17	11	20
3	20	11	12
4	11	5	6	12
5	17	13	7	5	11
3	5	0	6
4	6	0	2	8
4	7	1	0	5
5	1	3	4	2	0
4	3	9	10	4
4	20	12	18	26
3	26	18	28
4	18	14	22	28
5	12	6	8	14	18
10	32	30	22	14	8	2	4	10	16	24
4	26	28	38	36
10	36	38	40	42	44	43	41	39	37	35
5	28	22	30	40	38
4	30	32	42	40
5	32	24	34	44	42
4	24	16	19	34
4	39	41	31	29
4	44	34	33	43
5	43	33	23	31	41
3	34	19	33
4	33	19	15	23
5	35	25	20	26	36
5	19	16	10	9	15