OFF
24	14	0
-0.5	1.2071067811865475	1.2071067811865475
-0.5	1.2071067811865475	-1.2071067811865472
-0.5	-1.2071067811865472	1.2071067811865475
-0.5	-1.2071067811865472	-1.2071067811865472
0.5	1.2071067811865475	1.2071067811865475
0.5	1.2071067811865475	-1.2071067811865472
0.5	-1.2071067811865472	1.2071067811865475
0.5	-1.2071067811865472	-1.2071067811865472
1.2071067811865475	-0.5	1.2071067811865475
1.2071067811865475	-0.5	-1.2071067811865472
1.2071067811865475	0.5	1.2071067811865475
1.2071067811865475	0.5	-1.2071067811865472
1.2071067811865475	1.2071067811865475	-0.5
1.2071067811865475	1.2071067811865475	0.5
1.2071067811865475	-1.2071067811865472	-0.5
1.2071067811865475	-1.2071067811865472	0.5
-1.2071067811865472	-0.5	1.2071067811865475
-1.2071067811865472	-0.5	-1.2071067811865472
-1.2071067811865472	0.5	1.2071067811865475
-1.2071067811865472	0.5	-1.2071067811865472
-1.2071067811865472	1.2071067811865475	-0.5
-1.2071067811865472	1.2071067811865475	0.5
-1.2071067811865472	-1.2071067811865472	-0.5
-1.2071067811865472	-1.2071067811865472	0.5
8	5	11	9	7	3	17	19	1
8	0	18	16	2	6	8	10	4
8	2	23	22	3	7	14	15	6
8	4	13	12	5	1	20	21	0
8	8	15	14	9	11	12	13	10
8	18	21	20	19	17	22	23	16
3	15	8	6
3	4	10	13
3	2	16	23
3	21	18	0
3	7	9	14
3	12	11	5
3	22	17	3
3	1	19	20