OFF
60	32	0
0.	-1.618033988749895	2.48989828488278
0.	-1.618033988749895	-2.48989828488278
0.	1.618033988749895	2.48989828488278
0.	1.618033988749895	-2.48989828488278
0.42532540417601994	-2.9270509831248424	0.2628655560595668
0.42532540417601994	2.9270509831248424	0.2628655560595668
0.6881909602355868	-2.118033988749895	1.9641671727636467
0.6881909602355868	2.118033988749895	1.9641671727636467
-2.752763840942347	0.	-1.1135163644116068
-2.0645728807067605	-2.118033988749895	0.2628655560595668
-2.0645728807067605	2.118033988749895	0.2628655560595668
-1.3763819204711736	-2.618033988749895	-0.2628655560595668
-1.3763819204711736	2.618033988749895	-0.2628655560595668
-0.6881909602355868	-2.118033988749895	-1.9641671727636467
-0.6881909602355868	2.118033988749895	-1.9641671727636467
1.3763819204711736	-2.618033988749895	0.2628655560595668
1.3763819204711736	2.618033988749895	0.2628655560595668
2.752763840942347	0.	1.1135163644116066
1.8017073246471935	-1.3090169943749475	-1.9641671727636467
1.8017073246471935	1.3090169943749475	-1.9641671727636467
2.0645728807067605	-2.118033988749895	-0.2628655560595668
2.0645728807067605	2.118033988749895	-0.2628655560595668
2.2270327288232132	0.	1.9641671727636467
2.2270327288232132	-1.618033988749895	-1.1135163644116068
2.2270327288232132	1.618033988749895	-1.1135163644116068
-2.6523581329992334	-1.3090169943749475	0.2628655560595668
-2.6523581329992334	1.3090169943749475	0.2628655560595668
2.6523581329992334	-1.3090169943749475	-0.2628655560595668
2.6523581329992334	1.3090169943749475	-0.2628655560595668
2.9152236890588	-0.5	0.2628655560595668
2.9152236890588	0.5	0.2628655560595668
-2.9152236890588	-0.5	-0.2628655560595668
-2.9152236890588	0.5	-0.2628655560595668
0.9510565162951535	-1.3090169943749475	2.48989828488278
0.9510565162951535	-1.3090169943749475	-2.48989828488278
0.9510565162951535	1.3090169943749475	2.48989828488278
0.9510565162951535	1.3090169943749475	-2.48989828488278
0.85065080835204	-2.618033988749895	1.1135163644116066
0.85065080835204	2.618033988749895	1.1135163644116066
-0.9510565162951535	-1.3090169943749475	2.48989828488278
-0.9510565162951535	-1.3090169943749475	-2.48989828488278
-0.9510565162951535	1.3090169943749475	2.48989828488278
-0.9510565162951535	1.3090169943749475	-2.48989828488278
-1.5388417685876268	-0.5	2.48989828488278
-1.5388417685876268	-0.5	-2.48989828488278
-1.5388417685876268	0.5	2.48989828488278
-1.5388417685876268	0.5	-2.48989828488278
1.5388417685876268	-0.5	2.48989828488278
1.5388417685876268	-0.5	-2.48989828488278
1.5388417685876268	0.5	2.48989828488278
1.5388417685876268	0.5	-2.48989828488278
-2.2270327288232132	0.	-1.9641671727636467
-2.2270327288232132	-1.618033988749895	1.1135163644116066
-2.2270327288232132	1.618033988749895	1.1135163644116066
-0.85065080835204	-2.618033988749895	-1.1135163644116068
-0.85065080835204	2.618033988749895	-1.1135163644116068
-1.8017073246471933	-1.3090169943749475	1.9641671727636467
-1.8017073246471933	1.3090169943749475	1.9641671727636467
-0.42532540417601994	-2.9270509831248424	-0.2628655560595668
-0.42532540417601994	2.9270509831248424	-0.2628655560595668
10	2	41	45	43	39	0	33	47	49	35
10	46	42	3	36	50	48	34	1	40	44
10	1	34	18	23	20	15	4	58	54	13
10	48	50	19	24	28	30	29	27	23	18
10	36	3	14	55	59	5	16	21	24	19
10	42	46	51	8	32	26	10	12	55	14
10	44	40	13	54	11	9	25	31	8	51
10	5	59	12	10	53	57	41	2	7	38
10	26	32	31	25	52	56	43	45	57	53
10	9	11	58	4	37	6	0	39	56	52
10	15	20	27	29	17	22	47	33	6	37
10	30	28	21	16	38	7	35	49	22	17
3	8	31	32
3	17	29	30
3	46	44	51
3	49	47	22
3	9	52	25
3	26	53	10
3	20	23	27
3	28	24	21
3	39	43	56
3	57	45	41
3	34	48	18
3	19	50	36
3	11	54	58
3	59	55	12
3	40	1	13
3	14	3	42
3	33	0	6
3	7	2	35
3	37	4	15
3	16	5	38