OFF
24	14	0
-1.5	-0.5	0.
-1.5	0.5	0.
-1.	-1.	-0.7071067811865475
-1.	-1.	0.7071067811865475
-1.	1.	-0.7071067811865475
-1.	1.	0.7071067811865475
-0.5	-1.5	0.
-0.5	-0.5	-1.4142135623730951
-0.5	-0.5	1.4142135623730951
-0.5	0.5	-1.4142135623730951
-0.5	0.5	1.4142135623730951
-0.5	1.5	0.
0.5	-1.5	0.
0.5	-0.5	-1.4142135623730951
0.5	-0.5	1.4142135623730951
0.5	0.5	-1.4142135623730951
0.5	0.5	1.4142135623730951
0.5	1.5	0.
1.	-1.	-0.7071067811865475
1.	-1.	0.7071067811865475
1.	1.	-0.7071067811865475
1.	1.	0.7071067811865475
1.5	-0.5	0.
1.5	0.5	0.
4	16	10	8	14
4	13	7	9	15
4	21	23	20	17
4	11	4	1	5
4	12	18	22	19
4	3	0	2	6
6	18	12	6	2	7	13
6	14	8	3	6	12	19
6	15	9	4	11	17	20
6	21	17	11	5	10	16
6	19	22	23	21	16	14
6	13	15	20	23	22	18
6	8	10	5	1	0	3
6	2	0	1	4	9	7