OFF
60	32	0
-0.16245984811645317	-2.118033988749895	1.2759762125280598
-0.16245984811645317	2.118033988749895	1.2759762125280598
0.16245984811645317	-2.118033988749895	-1.27597621252806
0.16245984811645317	2.118033988749895	-1.27597621252806
-0.2628655560595668	-0.8090169943749473	-2.327438436766327
-0.2628655560595668	-2.4270509831248424	-0.42532540417601994
-0.2628655560595668	0.8090169943749475	-2.327438436766327
-0.2628655560595668	2.4270509831248424	-0.42532540417601994
0.2628655560595668	-0.8090169943749473	2.327438436766327
0.2628655560595668	-2.4270509831248424	0.42532540417601994
0.2628655560595668	0.8090169943749475	2.327438436766327
0.2628655560595668	2.4270509831248424	0.42532540417601994
0.6881909602355868	-0.5	-2.327438436766327
0.6881909602355868	0.5	-2.327438436766327
1.2139220723547204	-2.118033988749895	0.42532540417601994
1.2139220723547204	2.118033988749895	0.42532540417601994
-2.0645728807067605	-0.5	1.2759762125280598
-2.0645728807067605	0.5	1.2759762125280598
-1.3763819204711736	-1.	1.8017073246471935
-1.3763819204711736	1.	1.8017073246471935
-1.3763819204711736	-1.6180339887498947	-1.27597621252806
-1.3763819204711736	1.618033988749895	-1.27597621252806
-0.6881909602355868	-0.5	2.327438436766327
-0.6881909602355868	0.5	2.327438436766327
1.3763819204711736	-1.	-1.8017073246471933
1.3763819204711736	1.	-1.8017073246471933
1.3763819204711736	-1.6180339887498947	1.2759762125280598
1.3763819204711736	1.618033988749895	1.2759762125280598
-1.7013016167040798	0.	-1.8017073246471933
1.7013016167040798	0.	1.8017073246471935
-1.2139220723547204	-2.118033988749895	-0.42532540417601994
-1.2139220723547204	2.118033988749895	-0.42532540417601994
-1.9641671727636467	-0.8090169943749473	-1.27597621252806
-1.9641671727636467	0.8090169943749475	-1.27597621252806
2.0645728807067605	-0.5	-1.27597621252806
2.0645728807067605	0.5	-1.27597621252806
2.2270327288232132	-1.	-0.42532540417601994
2.2270327288232132	1.	-0.42532540417601994
2.3894925769396664	-0.5	0.42532540417601994
2.3894925769396664	0.5	0.42532540417601994
-1.1135163644116066	-1.8090169943749475	1.2759762125280598
-1.1135163644116066	1.8090169943749475	1.2759762125280598
1.1135163644116066	-1.8090169943749475	-1.27597621252806
1.1135163644116066	1.8090169943749475	-1.27597621252806
-2.3894925769396664	-0.5	-0.42532540417601994
-2.3894925769396664	0.5	-0.42532540417601994
-1.6392474765307403	-1.8090169943749475	0.42532540417601994
-1.6392474765307403	1.8090169943749475	0.42532540417601994
1.6392474765307403	-1.8090169943749475	-0.42532540417601994
1.6392474765307403	1.8090169943749475	-0.42532540417601994
1.9641671727636467	-0.8090169943749473	1.2759762125280598
1.9641671727636467	0.8090169943749475	1.2759762125280598
0.85065080835204	0.	2.327438436766327
-2.2270327288232132	-1.	0.42532540417601994
-2.2270327288232132	1.	0.42532540417601994
-0.85065080835204	0.	-2.327438436766327
-0.5257311121191336	-1.6180339887498947	-1.8017073246471933
-0.5257311121191336	1.618033988749895	-1.8017073246471933
0.5257311121191336	-1.6180339887498947	1.8017073246471935
0.5257311121191336	1.618033988749895	1.8017073246471935
5	52	10	23	22	8
5	50	38	39	51	29
5	59	27	15	11	1
5	19	41	47	54	17
5	18	16	53	46	40
5	0	9	14	26	58
5	35	25	43	49	37
5	3	57	21	31	7
5	33	28	32	44	45
5	20	56	2	5	30
5	36	48	42	24	34
5	12	4	55	6	13
6	8	58	26	50	29	52
6	52	29	51	27	59	10
6	10	59	1	41	19	23
6	23	19	17	16	18	22
6	22	18	40	0	58	8
6	12	24	42	2	56	4
6	4	56	20	32	28	55
6	55	28	33	21	57	6
6	6	57	3	43	25	13
6	13	25	35	34	24	12
6	39	37	49	15	27	51
6	15	49	43	3	7	11
6	11	7	31	47	41	1
6	47	31	21	33	45	54
6	54	45	44	53	16	17
6	53	44	32	20	30	46
6	46	30	5	9	0	40
6	9	5	2	42	48	14
6	14	48	36	38	50	26
6	38	36	34	35	37	39